participant_id	session_id	atlas	hemisphere	structname	numvert	surfarea	grayvol	thickavg	thickstd	meancurv	gauscurv	foldind	curvind	index	segid	mean_wgpct	stddev_wgpct	min_wgpct	max_wgpct	range_wgpct	snr_wgpct
sub-20259	ses-1	Schaefer2018_700Parcels_7Networks_order	lh	Background+FreeSurfer_Defined_Medial_Wall	9042	5606	1905	0.351	0.809	0.091	0.028	74	10.8	1	0	3.7700	10.7824	-26.9176	62.1939	89.1115	0.3496
sub-20259	ses-1	Schaefer2018_700Parcels_7Networks_order	lh	7Networks_LH_Vis_1	585	402	1752	3.233	0.623	0.109	0.023	7	0.5	2	1	28.0235	7.3479	7.0898	43.2942	36.2044	3.8138
sub-20259	ses-1	Schaefer2018_700Parcels_7Networks_order	lh	7Networks_LH_Vis_2	685	433	851	2.319	0.423	0.070	0.014	3	0.4	3	2	24.6526	9.3858	-20.1992	39.7492	59.9484	2.6266
sub-20259	ses-1	Schaefer2018_700Parcels_7Networks_order	lh	7Networks_LH_Vis_3	208	136	446	2.974	0.405	0.118	0.035	4	0.3	4	3	22.7896	8.0251	-1.3074	35.3389	36.6463	2.8398
sub-20259	ses-1	Schaefer2018_700Parcels_7Networks_order	lh	7Networks_LH_Vis_4	455	306	999	3.011	0.432	0.128	0.028	7	0.5	5	4	27.0904	8.3086	0.6453	44.9569	44.3116	3.2605
sub-20259	ses-1	Schaefer2018_700Parcels_7Networks_order	lh	7Networks_LH_Vis_5	390	297	1045	2.920	0.529	0.146	0.032	7	0.6	6	5	25.1759	8.5894	-7.4052	50.2068	57.6120	2.9310
sub-20259	ses-1	Schaefer2018_700Parcels_7Networks_order	lh	7Networks_LH_Vis_6	306	204	404	2.300	0.382	0.114	0.018	2	0.3	7	6	30.7115	5.4918	11.2277	40.0374	28.8097	5.5922
sub-20259	ses-1	Schaefer2018_700Parcels_7Networks_order	lh	7Networks_LH_Vis_7	418	298	919	3.054	0.375	0.137	0.029	5	0.5	8	7	28.7547	6.1408	5.2987	40.9362	35.6375	4.6825
sub-20259	ses-1	Schaefer2018_700Parcels_7Networks_order	lh	7Networks_LH_Vis_8	137	87	145	2.350	0.432	0.081	0.008	0	0.1	9	8	32.3813	4.7496	21.0376	43.0895	22.0519	6.8177
sub-20259	ses-1	Schaefer2018_700Parcels_7Networks_order	lh	7Networks_LH_Vis_9	504	351	900	2.426	0.451	0.126	0.029	7	0.5	10	9	24.4103	6.6354	4.5339	37.7406	33.2066	3.6788
sub-20259	ses-1	Schaefer2018_700Parcels_7Networks_order	lh	7Networks_LH_Vis_10	263	162	533	2.966	0.480	0.073	0.012	1	0.1	11	10	30.9884	3.2847	18.0967	38.5269	20.4302	9.4343
sub-20259	ses-1	Schaefer2018_700Parcels_7Networks_order	lh	7Networks_LH_Vis_11	333	260	800	2.716	0.576	0.168	0.036	6	0.5	12	11	25.7759	8.0250	0.3431	46.7455	46.4023	3.2120
sub-20259	ses-1	Schaefer2018_700Parcels_7Networks_order	lh	7Networks_LH_Vis_12	653	467	1147	2.681	0.385	0.128	0.028	7	0.7	13	12	27.0636	6.4312	4.1913	44.6682	40.4769	4.2082
sub-20259	ses-1	Schaefer2018_700Parcels_7Networks_order	lh	7Networks_LH_Vis_13	236	151	341	2.308	0.345	0.035	0.003	0	0.0	14	13	30.8991	4.4380	17.5176	43.9479	26.4303	6.9624
sub-20259	ses-1	Schaefer2018_700Parcels_7Networks_order	lh	7Networks_LH_Vis_14	535	368	875	2.533	0.422	0.126	0.028	4	0.6	15	14	26.7720	5.9941	11.1847	46.3170	35.1323	4.4664
sub-20259	ses-1	Schaefer2018_700Parcels_7Networks_order	lh	7Networks_LH_Vis_15	380	266	662	2.158	0.310	0.124	0.026	5	0.4	16	15	24.8979	6.6155	6.9117	43.2912	36.3795	3.7636
sub-20259	ses-1	Schaefer2018_700Parcels_7Networks_order	lh	7Networks_LH_Vis_16	149	77	277	2.691	0.818	0.110	0.037	4	0.1	17	16	16.6153	8.5951	-2.6783	35.1633	37.8416	1.9331
sub-20259	ses-1	Schaefer2018_700Parcels_7Networks_order	lh	7Networks_LH_Vis_17	467	352	747	2.288	0.588	0.147	0.034	5	0.8	18	17	23.4134	8.2751	-4.7363	41.1472	45.8834	2.8294
sub-20259	ses-1	Schaefer2018_700Parcels_7Networks_order	lh	7Networks_LH_Vis_18	171	123	419	2.814	0.552	0.138	0.037	3	0.3	19	18	20.9141	8.1197	3.3152	37.7364	34.4212	2.5757
sub-20259	ses-1	Schaefer2018_700Parcels_7Networks_order	lh	7Networks_LH_Vis_19	424	333	941	2.760	0.750	0.175	0.040	6	0.8	20	19	21.5768	7.9245	4.9735	38.6552	33.6817	2.7228
sub-20259	ses-1	Schaefer2018_700Parcels_7Networks_order	lh	7Networks_LH_Vis_20	305	208	455	2.574	0.564	0.116	0.019	2	0.3	21	20	29.5380	5.1179	5.6330	40.3750	34.7420	5.7715
sub-20259	ses-1	Schaefer2018_700Parcels_7Networks_order	lh	7Networks_LH_Vis_21	323	260	650	2.156	0.480	0.150	0.031	5	0.5	22	21	19.9661	7.9810	2.3585	40.9832	38.6247	2.5017
sub-20259	ses-1	Schaefer2018_700Parcels_7Networks_order	lh	7Networks_LH_Vis_22	629	450	1033	2.178	0.532	0.162	0.032	10	0.8	23	22	24.9388	6.3721	6.8266	41.2507	34.4242	3.9138
sub-20259	ses-1	Schaefer2018_700Parcels_7Networks_order	lh	7Networks_LH_Vis_23	124	89	177	2.089	0.712	0.127	0.020	1	0.1	24	23	23.3465	4.7178	0.0000	30.3630	30.3630	4.9485
sub-20259	ses-1	Schaefer2018_700Parcels_7Networks_order	lh	7Networks_LH_Vis_24	307	223	571	2.321	0.374	0.153	0.040	4	0.5	25	24	19.1030	6.8086	0.8266	36.8699	36.0433	2.8057
sub-20259	ses-1	Schaefer2018_700Parcels_7Networks_order	lh	7Networks_LH_Vis_25	437	291	731	2.274	0.305	0.140	0.027	6	0.5	26	25	24.4471	5.8326	11.5887	39.1531	27.5644	4.1915
sub-20259	ses-1	Schaefer2018_700Parcels_7Networks_order	lh	7Networks_LH_Vis_26	616	409	1538	2.895	0.562	0.120	0.026	9	0.7	27	26	25.2961	6.3557	-4.1898	39.4225	43.6123	3.9801
sub-20259	ses-1	Schaefer2018_700Parcels_7Networks_order	lh	7Networks_LH_Vis_27	354	233	454	1.956	0.593	0.074	0.017	2	0.2	28	27	23.2692	7.6704	5.9096	39.3049	33.3952	3.0336
sub-20259	ses-1	Schaefer2018_700Parcels_7Networks_order	lh	7Networks_LH_Vis_28	289	204	364	2.076	0.483	0.107	0.016	2	0.3	29	28	26.1272	7.1676	6.2640	40.6007	34.3366	3.6452
sub-20259	ses-1	Schaefer2018_700Parcels_7Networks_order	lh	7Networks_LH_Vis_29	431	290	692	2.221	0.841	0.125	0.031	5	0.5	30	29	19.1186	7.0224	1.8707	42.6473	40.7765	2.7225
sub-20259	ses-1	Schaefer2018_700Parcels_7Networks_order	lh	7Networks_LH_Vis_30	237	158	332	2.315	0.367	0.099	0.015	2	0.2	31	30	28.9321	6.9702	9.9316	44.1515	34.2199	4.1508
sub-20259	ses-1	Schaefer2018_700Parcels_7Networks_order	lh	7Networks_LH_Vis_31	431	285	557	2.106	0.464	0.122	0.029	3	0.5	32	31	21.2279	5.2264	1.4917	36.5027	35.0110	4.0616
sub-20259	ses-1	Schaefer2018_700Parcels_7Networks_order	lh	7Networks_LH_Vis_32	136	98	280	2.654	0.641	0.135	0.038	2	0.2	33	32	26.1370	10.1661	1.8953	42.9969	41.1016	2.5710
sub-20259	ses-1	Schaefer2018_700Parcels_7Networks_order	lh	7Networks_LH_Vis_33	268	188	316	1.962	0.351	0.178	0.053	4	0.6	34	33	20.6765	5.7664	6.3243	35.5107	29.1865	3.5857
sub-20259	ses-1	Schaefer2018_700Parcels_7Networks_order	lh	7Networks_LH_Vis_34	420	312	585	2.189	0.438	0.129	0.034	4	0.5	35	34	21.7757	6.8897	-5.4693	40.8459	46.3152	3.1606
sub-20259	ses-1	Schaefer2018_700Parcels_7Networks_order	lh	7Networks_LH_Vis_35	294	224	572	2.091	0.451	0.169	0.033	4	0.5	36	35	16.9117	4.5808	3.2922	31.2633	27.9711	3.6919
sub-20259	ses-1	Schaefer2018_700Parcels_7Networks_order	lh	7Networks_LH_Vis_36	218	165	267	2.165	0.363	0.120	0.025	2	0.2	37	36	22.1183	17.8012	-68.3490	41.4663	109.8152	1.2425
sub-20259	ses-1	Schaefer2018_700Parcels_7Networks_order	lh	7Networks_LH_Vis_37	171	108	187	2.221	0.262	0.093	0.011	1	0.1	38	37	31.9554	4.2642	19.4767	42.1709	22.6941	7.4940
sub-20259	ses-1	Schaefer2018_700Parcels_7Networks_order	lh	7Networks_LH_Vis_38	351	241	475	2.259	0.413	0.133	0.028	3	0.4	39	38	28.4268	5.2715	12.7324	38.4505	25.7181	5.3926
sub-20259	ses-1	Schaefer2018_700Parcels_7Networks_order	lh	7Networks_LH_Vis_39	652	469	1010	2.362	0.660	0.125	0.033	6	1.1	40	39	25.8404	6.0814	5.4263	43.7536	38.3274	4.2491
sub-20259	ses-1	Schaefer2018_700Parcels_7Networks_order	lh	7Networks_LH_Vis_40	509	368	637	2.025	0.578	0.129	0.027	5	0.5	41	40	21.0932	6.9833	2.9129	33.3449	30.4320	3.0205
sub-20259	ses-1	Schaefer2018_700Parcels_7Networks_order	lh	7Networks_LH_Vis_41	332	216	482	2.595	0.485	0.129	0.028	13	0.4	42	41	30.9034	7.4773	1.9223	45.1557	43.2334	4.1329
sub-20259	ses-1	Schaefer2018_700Parcels_7Networks_order	lh	7Networks_LH_Vis_42	324	256	537	1.941	0.389	0.200	0.045	7	0.6	43	42	19.2795	7.0719	4.1998	36.7251	32.5253	2.7262
sub-20259	ses-1	Schaefer2018_700Parcels_7Networks_order	lh	7Networks_LH_Vis_43	491	320	732	2.178	0.568	0.155	0.036	7	0.8	44	43	21.3048	5.9413	8.7937	39.2335	30.4398	3.5859
sub-20259	ses-1	Schaefer2018_700Parcels_7Networks_order	lh	7Networks_LH_Vis_44	460	328	1028	2.640	0.402	0.119	0.030	7	0.4	45	44	26.0601	8.6229	0.2384	45.5465	45.3081	3.0222
sub-20259	ses-1	Schaefer2018_700Parcels_7Networks_order	lh	7Networks_LH_Vis_45	161	114	390	2.722	0.386	0.145	0.042	3	0.2	46	45	23.2633	8.8674	4.5724	41.3948	36.8224	2.6235
sub-20259	ses-1	Schaefer2018_700Parcels_7Networks_order	lh	7Networks_LH_Vis_46	511	346	721	2.052	0.359	0.128	0.031	5	0.6	47	46	26.0834	6.8752	7.8055	40.9394	33.1339	3.7939
sub-20259	ses-1	Schaefer2018_700Parcels_7Networks_order	lh	7Networks_LH_Vis_47	179	132	452	3.033	0.541	0.158	0.030	5	0.3	48	47	21.4609	8.8755	2.1652	36.1611	33.9958	2.4180
sub-20259	ses-1	Schaefer2018_700Parcels_7Networks_order	lh	7Networks_LH_Vis_48	202	141	502	2.895	0.672	0.144	0.046	4	0.4	49	48	22.0566	7.7196	-8.7393	35.7038	44.4431	2.8572
sub-20259	ses-1	Schaefer2018_700Parcels_7Networks_order	lh	7Networks_LH_Vis_49	520	313	726	2.182	0.406	0.106	0.020	4	0.3	50	49	26.3593	6.4720	11.9782	40.5284	28.5502	4.0728
sub-20259	ses-1	Schaefer2018_700Parcels_7Networks_order	lh	7Networks_LH_Vis_50	540	392	1224	2.601	0.574	0.141	0.026	11	0.6	51	50	25.7555	7.1095	1.6149	42.2426	40.6277	3.6227
sub-20259	ses-1	Schaefer2018_700Parcels_7Networks_order	lh	7Networks_LH_Vis_51	310	229	599	2.819	0.347	0.131	0.028	4	0.4	52	51	29.3297	9.3143	-3.4960	47.4469	50.9429	3.1489
sub-20259	ses-1	Schaefer2018_700Parcels_7Networks_order	lh	7Networks_LH_Vis_52	340	228	484	2.746	0.426	0.088	0.012	1	0.2	53	52	30.8795	3.7303	16.4782	41.2029	24.7247	8.2780
sub-20259	ses-1	Schaefer2018_700Parcels_7Networks_order	lh	7Networks_LH_Vis_53	479	332	787	2.324	0.453	0.138	0.032	7	0.6	54	53	24.1307	7.7287	2.4109	44.2538	41.8429	3.1222
sub-20259	ses-1	Schaefer2018_700Parcels_7Networks_order	lh	7Networks_LH_Vis_54	353	239	847	2.909	0.452	0.127	0.024	4	0.3	55	54	26.1146	6.5046	3.7335	44.4437	40.7102	4.0148
sub-20259	ses-1	Schaefer2018_700Parcels_7Networks_order	lh	7Networks_LH_Vis_55	443	285	608	2.379	0.388	0.111	0.018	4	0.4	56	55	30.4940	5.2789	15.7884	41.2620	25.4735	5.7766
sub-20259	ses-1	Schaefer2018_700Parcels_7Networks_order	lh	7Networks_LH_Vis_56	390	252	720	2.822	0.425	0.100	0.016	4	0.2	57	56	25.1139	4.7649	10.4709	35.3864	24.9154	5.2707
sub-20259	ses-1	Schaefer2018_700Parcels_7Networks_order	lh	7Networks_LH_Vis_57	427	284	990	2.873	0.533	0.123	0.027	5	0.5	58	57	23.5830	5.6426	7.8440	36.7903	28.9463	4.1795
sub-20259	ses-1	Schaefer2018_700Parcels_7Networks_order	lh	7Networks_LH_Vis_58	131	103	414	3.069	0.509	0.170	0.055	3	0.3	59	58	23.4783	5.2061	8.9997	39.5675	30.5678	4.5098
sub-20259	ses-1	Schaefer2018_700Parcels_7Networks_order	lh	7Networks_LH_SomMot_1	405	258	1179	3.536	0.411	0.086	0.016	3	0.2	60	59	29.1443	5.2543	8.8122	39.9245	31.1123	5.5467
sub-20259	ses-1	Schaefer2018_700Parcels_7Networks_order	lh	7Networks_LH_SomMot_2	447	299	1024	2.878	0.444	0.087	0.015	4	0.3	61	60	21.1386	7.4778	1.6507	37.8338	36.1832	2.8268
sub-20259	ses-1	Schaefer2018_700Parcels_7Networks_order	lh	7Networks_LH_SomMot_3	524	380	980	2.302	0.640	0.143	0.034	10	0.6	62	61	20.7315	8.0335	-1.9608	37.1740	39.1348	2.5806
sub-20259	ses-1	Schaefer2018_700Parcels_7Networks_order	lh	7Networks_LH_SomMot_4	344	222	589	2.889	0.421	0.088	0.011	1	0.2	63	62	29.7730	5.3580	12.9957	41.8806	28.8848	5.5567
sub-20259	ses-1	Schaefer2018_700Parcels_7Networks_order	lh	7Networks_LH_SomMot_5	384	237	760	2.630	0.512	0.086	0.024	3	0.4	64	63	23.1665	6.6075	-3.9661	40.4691	44.4352	3.5061
sub-20259	ses-1	Schaefer2018_700Parcels_7Networks_order	lh	7Networks_LH_SomMot_6	616	430	1764	3.015	0.538	0.134	0.036	9	0.9	65	64	23.1910	8.2611	-1.4018	48.1378	49.5396	2.8072
sub-20259	ses-1	Schaefer2018_700Parcels_7Networks_order	lh	7Networks_LH_SomMot_7	136	99	302	3.358	0.442	0.168	0.044	2	0.3	66	65	22.9881	5.8169	-3.2277	33.3942	36.6219	3.9519
sub-20259	ses-1	Schaefer2018_700Parcels_7Networks_order	lh	7Networks_LH_SomMot_8	263	179	416	2.669	0.557	0.101	0.014	2	0.2	67	66	26.8233	4.3207	12.8566	36.1572	23.3005	6.2082
sub-20259	ses-1	Schaefer2018_700Parcels_7Networks_order	lh	7Networks_LH_SomMot_9	399	263	661	3.025	0.562	0.111	0.023	3	0.4	68	67	27.2963	6.9015	7.0468	37.1496	30.1028	3.9551
sub-20259	ses-1	Schaefer2018_700Parcels_7Networks_order	lh	7Networks_LH_SomMot_10	292	209	491	2.766	0.307	0.132	0.022	3	0.3	69	68	29.7371	6.6109	8.3842	40.2467	31.8625	4.4982
sub-20259	ses-1	Schaefer2018_700Parcels_7Networks_order	lh	7Networks_LH_SomMot_11	454	304	1040	3.023	0.563	0.094	0.028	3	0.4	70	69	24.3441	7.3518	7.9324	39.0785	31.1461	3.3113
sub-20259	ses-1	Schaefer2018_700Parcels_7Networks_order	lh	7Networks_LH_SomMot_12	424	283	644	3.089	0.393	0.095	0.016	3	0.3	71	70	29.7264	5.7697	8.5666	42.1754	33.6088	5.1522
sub-20259	ses-1	Schaefer2018_700Parcels_7Networks_order	lh	7Networks_LH_SomMot_13	363	248	613	3.189	0.379	0.116	0.022	2	0.4	72	71	31.6817	6.4061	6.2094	42.7133	36.5039	4.9455
sub-20259	ses-1	Schaefer2018_700Parcels_7Networks_order	lh	7Networks_LH_SomMot_14	208	150	443	2.758	0.299	0.115	0.026	3	0.2	73	72	27.9051	8.8706	2.8692	41.1445	38.2754	3.1458
sub-20259	ses-1	Schaefer2018_700Parcels_7Networks_order	lh	7Networks_LH_SomMot_15	313	220	830	2.811	0.567	0.127	0.030	5	0.3	74	73	24.4271	7.0131	5.4720	37.9285	32.4565	3.4831
sub-20259	ses-1	Schaefer2018_700Parcels_7Networks_order	lh	7Networks_LH_SomMot_16	144	91	290	3.026	0.543	0.073	0.009	1	0.1	75	74	30.6667	2.6341	19.7989	35.6786	15.8797	11.6423
sub-20259	ses-1	Schaefer2018_700Parcels_7Networks_order	lh	7Networks_LH_SomMot_17	394	283	882	2.884	0.488	0.113	0.020	4	0.3	76	75	29.8715	8.2512	2.2387	41.3227	39.0840	3.6203
sub-20259	ses-1	Schaefer2018_700Parcels_7Networks_order	lh	7Networks_LH_SomMot_18	210	145	274	1.954	0.567	0.148	0.029	4	0.2	77	76	22.6821	5.5077	1.9015	33.1175	31.2159	4.1182
sub-20259	ses-1	Schaefer2018_700Parcels_7Networks_order	lh	7Networks_LH_SomMot_19	269	197	745	2.968	0.524	0.113	0.024	4	0.2	78	77	24.7502	10.2817	-7.8703	40.8348	48.7051	2.4072
sub-20259	ses-1	Schaefer2018_700Parcels_7Networks_order	lh	7Networks_LH_SomMot_20	170	113	435	3.012	0.853	0.121	0.025	3	0.1	79	78	21.2548	6.3569	2.2158	39.7874	37.5715	3.3436
sub-20259	ses-1	Schaefer2018_700Parcels_7Networks_order	lh	7Networks_LH_SomMot_21	241	164	248	1.712	0.520	0.094	0.012	2	0.1	80	79	25.0106	4.2091	13.2164	35.4720	22.2556	5.9421
sub-20259	ses-1	Schaefer2018_700Parcels_7Networks_order	lh	7Networks_LH_SomMot_22	133	112	377	3.405	0.841	0.188	0.075	5	0.4	81	80	21.3725	9.3757	6.2719	41.0828	34.8109	2.2796
sub-20259	ses-1	Schaefer2018_700Parcels_7Networks_order	lh	7Networks_LH_SomMot_23	374	242	756	2.946	0.414	0.065	0.012	2	0.2	82	81	24.9856	4.7945	7.4054	36.7061	29.3006	5.2113
sub-20259	ses-1	Schaefer2018_700Parcels_7Networks_order	lh	7Networks_LH_SomMot_24	318	214	749	3.066	0.390	0.116	0.025	6	0.3	83	82	21.7110	7.9065	3.9069	37.4467	33.5399	2.7460
sub-20259	ses-1	Schaefer2018_700Parcels_7Networks_order	lh	7Networks_LH_SomMot_25	528	373	734	2.206	0.575	0.112	0.030	6	0.6	84	83	20.8891	5.9776	-3.8864	36.2296	40.1160	3.4946
sub-20259	ses-1	Schaefer2018_700Parcels_7Networks_order	lh	7Networks_LH_SomMot_26	229	153	282	2.267	0.247	0.100	0.016	1	0.2	85	84	27.3391	6.5605	11.8397	40.9165	29.0768	4.1672
sub-20259	ses-1	Schaefer2018_700Parcels_7Networks_order	lh	7Networks_LH_SomMot_27	293	236	875	2.821	0.356	0.164	0.039	5	0.5	86	85	22.0014	7.5581	5.9004	42.7908	36.8905	2.9110
sub-20259	ses-1	Schaefer2018_700Parcels_7Networks_order	lh	7Networks_LH_SomMot_28	174	128	564	3.509	0.854	0.104	0.021	3	0.2	87	86	25.2578	9.5321	5.0211	43.5906	38.5695	2.6498
sub-20259	ses-1	Schaefer2018_700Parcels_7Networks_order	lh	7Networks_LH_SomMot_29	314	227	743	2.659	0.309	0.126	0.023	5	0.3	88	87	27.6103	6.8947	8.5874	40.6619	32.0745	4.0046
sub-20259	ses-1	Schaefer2018_700Parcels_7Networks_order	lh	7Networks_LH_SomMot_30	265	192	535	2.312	0.760	0.130	0.026	4	0.3	89	88	20.4958	6.3966	3.0302	35.1153	32.0851	3.2042
sub-20259	ses-1	Schaefer2018_700Parcels_7Networks_order	lh	7Networks_LH_SomMot_31	132	84	121	1.936	0.329	0.116	0.022	1	0.1	90	89	24.5776	2.6449	17.6717	31.1108	13.4391	9.2924
sub-20259	ses-1	Schaefer2018_700Parcels_7Networks_order	lh	7Networks_LH_SomMot_32	268	184	473	2.432	0.350	0.100	0.028	2	0.3	91	90	17.5552	7.1225	-2.9720	33.3481	36.3200	2.4647
sub-20259	ses-1	Schaefer2018_700Parcels_7Networks_order	lh	7Networks_LH_SomMot_33	450	292	850	2.498	0.493	0.123	0.029	5	0.6	92	91	22.2134	6.8721	5.1437	41.3334	36.1897	3.2324
sub-20259	ses-1	Schaefer2018_700Parcels_7Networks_order	lh	7Networks_LH_SomMot_34	249	150	322	2.152	0.427	0.035	0.003	0	0.0	93	92	26.0388	3.0830	18.5754	34.1753	15.5999	8.4459
sub-20259	ses-1	Schaefer2018_700Parcels_7Networks_order	lh	7Networks_LH_SomMot_35	434	309	957	2.823	0.338	0.124	0.029	5	0.5	94	93	26.2527	8.4817	4.3837	43.8888	39.5051	3.0952
sub-20259	ses-1	Schaefer2018_700Parcels_7Networks_order	lh	7Networks_LH_SomMot_36	224	154	292	2.312	0.396	0.128	0.020	2	0.2	95	94	24.5379	6.9943	7.0751	39.7625	32.6874	3.5083
sub-20259	ses-1	Schaefer2018_700Parcels_7Networks_order	lh	7Networks_LH_SomMot_37	183	106	451	2.912	0.433	0.136	0.046	4	0.3	96	95	21.7116	5.0100	8.7803	31.9261	23.1458	4.3337
sub-20259	ses-1	Schaefer2018_700Parcels_7Networks_order	lh	7Networks_LH_SomMot_38	214	140	357	2.677	0.392	0.101	0.016	1	0.1	97	96	21.7211	5.6710	6.4063	33.6127	27.2063	3.8302
sub-20259	ses-1	Schaefer2018_700Parcels_7Networks_order	lh	7Networks_LH_SomMot_39	321	219	832	2.721	0.650	0.096	0.019	3	0.3	98	97	26.3903	6.2101	8.2037	43.4878	35.2841	4.2496
sub-20259	ses-1	Schaefer2018_700Parcels_7Networks_order	lh	7Networks_LH_SomMot_40	167	125	345	2.665	1.013	0.112	0.041	4	0.2	99	98	20.6502	8.2808	3.1100	35.2753	32.1653	2.4938
sub-20259	ses-1	Schaefer2018_700Parcels_7Networks_order	lh	7Networks_LH_SomMot_41	273	183	569	3.011	0.268	0.105	0.027	2	0.3	100	99	25.6783	5.7606	9.3030	36.7085	27.4056	4.4576
sub-20259	ses-1	Schaefer2018_700Parcels_7Networks_order	lh	7Networks_LH_SomMot_42	394	266	463	2.011	0.581	0.126	0.034	5	0.5	101	100	19.8491	7.0106	4.4992	38.6287	34.1295	2.8313
sub-20259	ses-1	Schaefer2018_700Parcels_7Networks_order	lh	7Networks_LH_SomMot_43	264	190	784	3.488	0.375	0.107	0.019	3	0.2	102	101	27.5238	8.0097	4.1209	42.4553	38.3344	3.4363
sub-20259	ses-1	Schaefer2018_700Parcels_7Networks_order	lh	7Networks_LH_SomMot_44	171	112	327	2.692	0.367	0.099	0.028	2	0.2	103	102	25.9493	6.9353	5.1536	39.6301	34.4765	3.7416
sub-20259	ses-1	Schaefer2018_700Parcels_7Networks_order	lh	7Networks_LH_SomMot_45	625	484	1536	2.738	0.848	0.142	0.031	10	1.2	104	103	26.7985	9.7389	-7.7599	45.4941	53.2541	2.7517
sub-20259	ses-1	Schaefer2018_700Parcels_7Networks_order	lh	7Networks_LH_SomMot_46	340	220	932	2.993	0.565	0.122	0.026	3	0.4	105	104	21.1292	6.6429	6.4352	44.0124	37.5772	3.1807
sub-20259	ses-1	Schaefer2018_700Parcels_7Networks_order	lh	7Networks_LH_SomMot_47	349	257	502	2.198	0.343	0.101	0.022	3	0.2	106	105	27.3596	7.4055	4.1171	39.7976	35.6805	3.6945
sub-20259	ses-1	Schaefer2018_700Parcels_7Networks_order	lh	7Networks_LH_SomMot_48	216	148	336	2.448	0.544	0.100	0.022	1	0.3	107	106	20.4482	5.2207	7.3589	31.8294	24.4706	3.9168
sub-20259	ses-1	Schaefer2018_700Parcels_7Networks_order	lh	7Networks_LH_SomMot_49	229	177	375	1.948	0.473	0.122	0.029	3	0.3	108	107	16.3878	4.8470	3.1104	27.7970	24.6866	3.3810
sub-20259	ses-1	Schaefer2018_700Parcels_7Networks_order	lh	7Networks_LH_SomMot_50	376	257	765	3.290	0.762	0.121	0.023	3	0.4	109	108	19.4550	7.3806	1.9601	31.6349	29.6749	2.6360
sub-20259	ses-1	Schaefer2018_700Parcels_7Networks_order	lh	7Networks_LH_SomMot_51	170	114	325	3.178	0.417	0.108	0.019	1	0.2	110	109	29.6406	4.2942	18.1806	40.1230	21.9424	6.9025
sub-20259	ses-1	Schaefer2018_700Parcels_7Networks_order	lh	7Networks_LH_SomMot_52	321	214	846	3.538	0.422	0.103	0.019	3	0.2	111	110	23.5345	5.6979	4.6351	37.8438	33.2087	4.1304
sub-20259	ses-1	Schaefer2018_700Parcels_7Networks_order	lh	7Networks_LH_SomMot_53	457	323	999	2.720	0.616	0.114	0.022	5	0.4	112	111	22.2999	7.3670	1.8641	41.1545	39.2904	3.0270
sub-20259	ses-1	Schaefer2018_700Parcels_7Networks_order	lh	7Networks_LH_SomMot_54	300	199	436	2.622	0.294	0.078	0.011	1	0.1	113	112	27.2957	6.8520	8.9954	45.6127	36.6173	3.9836
sub-20259	ses-1	Schaefer2018_700Parcels_7Networks_order	lh	7Networks_LH_SomMot_55	243	156	373	2.683	0.326	0.087	0.015	1	0.1	114	113	32.3989	4.4928	21.5050	43.3848	21.8798	7.2113
sub-20259	ses-1	Schaefer2018_700Parcels_7Networks_order	lh	7Networks_LH_SomMot_56	208	140	320	3.331	0.294	0.112	0.020	1	0.3	115	114	34.7803	8.2630	17.9366	50.0991	32.1625	4.2091
sub-20259	ses-1	Schaefer2018_700Parcels_7Networks_order	lh	7Networks_LH_SomMot_57	311	216	314	1.722	0.622	0.102	0.011	2	0.2	116	115	25.7415	5.0808	5.8572	33.9598	28.1027	5.0664
sub-20259	ses-1	Schaefer2018_700Parcels_7Networks_order	lh	7Networks_LH_SomMot_58	277	187	595	2.540	0.511	0.143	0.036	5	0.5	117	116	22.6068	7.8609	2.1085	40.3430	38.2345	2.8759
sub-20259	ses-1	Schaefer2018_700Parcels_7Networks_order	lh	7Networks_LH_SomMot_59	324	212	787	3.295	0.288	0.135	0.024	4	0.4	118	117	25.2657	6.4079	5.4048	43.3885	37.9837	3.9429
sub-20259	ses-1	Schaefer2018_700Parcels_7Networks_order	lh	7Networks_LH_SomMot_60	272	174	929	3.768	0.402	0.103	0.018	3	0.2	119	118	26.0252	5.5601	15.4599	39.5736	24.1137	4.6807
sub-20259	ses-1	Schaefer2018_700Parcels_7Networks_order	lh	7Networks_LH_SomMot_61	161	102	338	2.628	0.736	0.135	0.037	3	0.2	120	119	16.8241	4.7861	7.6868	29.5342	21.8473	3.5152
sub-20259	ses-1	Schaefer2018_700Parcels_7Networks_order	lh	7Networks_LH_SomMot_62	183	130	502	3.124	0.747	0.164	0.042	3	0.4	121	120	23.3135	9.4853	0.9880	42.3034	41.3154	2.4579
sub-20259	ses-1	Schaefer2018_700Parcels_7Networks_order	lh	7Networks_LH_SomMot_63	335	210	697	3.081	0.385	0.086	0.013	2	0.2	122	121	25.1792	6.2185	12.2539	42.9025	30.6486	4.0490
sub-20259	ses-1	Schaefer2018_700Parcels_7Networks_order	lh	7Networks_LH_SomMot_64	170	137	189	1.590	0.367	0.138	0.030	2	0.2	123	122	20.8640	6.5603	3.5571	35.1427	31.5857	3.1804
sub-20259	ses-1	Schaefer2018_700Parcels_7Networks_order	lh	7Networks_LH_DorsAttn_Post_1	685	515	1352	2.642	0.585	0.132	0.031	9	1.1	124	123	29.7306	8.8222	-8.1455	44.4082	52.5537	3.3700
sub-20259	ses-1	Schaefer2018_700Parcels_7Networks_order	lh	7Networks_LH_DorsAttn_Post_2	878	591	2272	3.033	0.689	0.126	0.023	13	1.0	125	124	31.2406	8.3276	-19.5908	48.4846	68.0753	3.7515
sub-20259	ses-1	Schaefer2018_700Parcels_7Networks_order	lh	7Networks_LH_DorsAttn_Post_3	578	397	861	2.502	0.447	0.096	0.017	4	0.4	126	125	32.4849	7.2757	6.9034	45.7992	38.8958	4.4649
sub-20259	ses-1	Schaefer2018_700Parcels_7Networks_order	lh	7Networks_LH_DorsAttn_Post_4	598	485	1558	2.711	0.666	0.142	0.027	9	0.7	127	126	24.0842	8.0000	-0.6359	42.9915	43.6274	3.0105
sub-20259	ses-1	Schaefer2018_700Parcels_7Networks_order	lh	7Networks_LH_DorsAttn_Post_5	258	181	305	2.309	0.535	0.139	0.031	3	0.4	128	127	28.7502	8.9221	-10.9671	43.0701	54.0372	3.2223
sub-20259	ses-1	Schaefer2018_700Parcels_7Networks_order	lh	7Networks_LH_DorsAttn_Post_6	340	258	864	2.796	0.471	0.138	0.037	7	0.4	129	128	25.9391	9.6258	-11.8657	49.1394	61.0051	2.6947
sub-20259	ses-1	Schaefer2018_700Parcels_7Networks_order	lh	7Networks_LH_DorsAttn_Post_7	552	412	979	2.480	0.409	0.138	0.035	9	0.6	130	129	26.6979	9.1781	-5.8791	45.0425	50.9216	2.9089
sub-20259	ses-1	Schaefer2018_700Parcels_7Networks_order	lh	7Networks_LH_DorsAttn_Post_8	306	210	628	2.460	0.581	0.129	0.028	5	0.4	131	130	23.3469	6.9576	1.6525	40.3137	38.6611	3.3556
sub-20259	ses-1	Schaefer2018_700Parcels_7Networks_order	lh	7Networks_LH_DorsAttn_Post_9	431	328	1313	3.131	0.548	0.135	0.032	7	0.5	132	131	27.9951	9.7116	-10.2845	46.4435	56.7281	2.8827
sub-20259	ses-1	Schaefer2018_700Parcels_7Networks_order	lh	7Networks_LH_DorsAttn_Post_10	316	207	379	2.291	0.302	0.112	0.021	2	0.3	133	132	29.2016	5.7704	10.5982	40.9550	30.3568	5.0605
sub-20259	ses-1	Schaefer2018_700Parcels_7Networks_order	lh	7Networks_LH_DorsAttn_Post_11	270	183	473	2.599	0.227	0.062	0.007	1	0.1	134	133	29.5035	7.1912	1.4303	42.1749	40.7446	4.1027
sub-20259	ses-1	Schaefer2018_700Parcels_7Networks_order	lh	7Networks_LH_DorsAttn_Post_12	257	166	429	2.594	0.394	0.092	0.011	1	0.2	135	134	29.9154	4.9945	13.6636	41.3077	27.6441	5.9897
sub-20259	ses-1	Schaefer2018_700Parcels_7Networks_order	lh	7Networks_LH_DorsAttn_Post_13	203	132	271	2.790	0.432	0.084	0.017	1	0.1	136	135	32.0780	5.9832	18.2000	43.7485	25.5484	5.3613
sub-20259	ses-1	Schaefer2018_700Parcels_7Networks_order	lh	7Networks_LH_DorsAttn_Post_14	414	284	969	3.109	0.488	0.103	0.018	3	0.3	137	136	26.3825	7.8255	6.0654	40.9869	34.9215	3.3713
sub-20259	ses-1	Schaefer2018_700Parcels_7Networks_order	lh	7Networks_LH_DorsAttn_Post_15	308	207	399	2.341	0.307	0.100	0.016	2	0.2	138	137	31.5637	5.1447	16.3931	42.1407	25.7476	6.1352
sub-20259	ses-1	Schaefer2018_700Parcels_7Networks_order	lh	7Networks_LH_DorsAttn_Post_16	162	103	199	2.548	0.403	0.113	0.025	2	0.2	139	138	34.6053	7.2557	12.3760	46.6583	34.2823	4.7694
sub-20259	ses-1	Schaefer2018_700Parcels_7Networks_order	lh	7Networks_LH_DorsAttn_Post_17	193	128	396	2.959	0.349	0.116	0.027	2	0.2	140	139	25.7661	6.4011	13.8401	39.9365	26.0963	4.0253
sub-20259	ses-1	Schaefer2018_700Parcels_7Networks_order	lh	7Networks_LH_DorsAttn_Post_18	187	124	312	2.915	0.357	0.103	0.020	2	0.1	141	140	29.8206	5.7673	16.4597	45.0244	28.5647	5.1706
sub-20259	ses-1	Schaefer2018_700Parcels_7Networks_order	lh	7Networks_LH_DorsAttn_Post_19	345	242	470	2.586	0.489	0.113	0.023	2	0.4	142	141	33.2761	5.6882	15.7562	46.7890	31.0328	5.8500
sub-20259	ses-1	Schaefer2018_700Parcels_7Networks_order	lh	7Networks_LH_DorsAttn_Post_20	248	162	353	3.013	0.564	0.102	0.018	1	0.2	143	142	32.1774	6.9047	13.1051	44.6792	31.5742	4.6603
sub-20259	ses-1	Schaefer2018_700Parcels_7Networks_order	lh	7Networks_LH_DorsAttn_Post_21	479	352	1042	2.863	0.636	0.144	0.032	7	0.7	144	143	28.0133	8.1891	5.0167	49.0263	44.0096	3.4208
sub-20259	ses-1	Schaefer2018_700Parcels_7Networks_order	lh	7Networks_LH_DorsAttn_Post_22	268	184	428	2.488	0.254	0.096	0.015	1	0.2	145	144	24.7456	6.9062	11.8592	41.8027	29.9435	3.5831
sub-20259	ses-1	Schaefer2018_700Parcels_7Networks_order	lh	7Networks_LH_DorsAttn_Post_23	379	239	560	2.688	0.485	0.085	0.016	2	0.2	146	145	33.5032	5.0502	10.0081	43.3852	33.3771	6.6340
sub-20259	ses-1	Schaefer2018_700Parcels_7Networks_order	lh	7Networks_LH_DorsAttn_Post_24	156	101	242	2.650	0.304	0.114	0.016	1	0.2	147	146	29.9737	3.2812	20.8395	37.7744	16.9349	9.1350
sub-20259	ses-1	Schaefer2018_700Parcels_7Networks_order	lh	7Networks_LH_DorsAttn_Post_25	338	234	862	2.684	0.489	0.121	0.023	5	0.4	148	147	27.8565	4.8190	10.7179	37.2058	26.4878	5.7806
sub-20259	ses-1	Schaefer2018_700Parcels_7Networks_order	lh	7Networks_LH_DorsAttn_Post_26	429	316	1377	3.183	0.671	0.133	0.028	7	0.5	149	148	25.9237	7.7237	0.3951	45.0888	44.6938	3.3564
sub-20259	ses-1	Schaefer2018_700Parcels_7Networks_order	lh	7Networks_LH_DorsAttn_Post_27	361	251	570	2.920	0.512	0.098	0.016	2	0.3	150	149	29.4376	6.4815	-10.0483	43.4443	53.4926	4.5418
sub-20259	ses-1	Schaefer2018_700Parcels_7Networks_order	lh	7Networks_LH_DorsAttn_Post_28	178	125	278	2.354	0.391	0.095	0.017	0	0.2	151	150	31.3863	4.2032	21.4224	42.4450	21.0226	7.4672
sub-20259	ses-1	Schaefer2018_700Parcels_7Networks_order	lh	7Networks_LH_DorsAttn_Post_29	357	233	792	2.635	0.546	0.121	0.024	4	0.3	152	151	27.5809	6.0884	2.4037	40.2567	37.8529	4.5301
sub-20259	ses-1	Schaefer2018_700Parcels_7Networks_order	lh	7Networks_LH_DorsAttn_Post_30	138	114	368	2.438	0.430	0.161	0.038	3	0.3	153	152	24.7052	8.5494	-13.3670	40.9671	54.3342	2.8897
sub-20259	ses-1	Schaefer2018_700Parcels_7Networks_order	lh	7Networks_LH_DorsAttn_Post_31	348	287	1112	3.001	0.687	0.156	0.033	6	0.5	154	153	25.6066	7.9816	-13.7489	46.8676	60.6165	3.2082
sub-20259	ses-1	Schaefer2018_700Parcels_7Networks_order	lh	7Networks_LH_DorsAttn_Post_32	337	261	963	3.244	0.565	0.153	0.037	6	0.5	155	154	30.5553	9.7661	4.7058	47.3939	42.6881	3.1287
sub-20259	ses-1	Schaefer2018_700Parcels_7Networks_order	lh	7Networks_LH_DorsAttn_Post_33	225	157	668	3.071	0.449	0.133	0.021	3	0.2	156	155	29.3143	6.4246	13.9354	40.8177	26.8822	4.5628
sub-20259	ses-1	Schaefer2018_700Parcels_7Networks_order	lh	7Networks_LH_DorsAttn_FEF_1	325	223	565	2.776	0.425	0.077	0.008	1	0.1	157	156	26.9606	5.2721	12.6353	41.6650	29.0297	5.1138
sub-20259	ses-1	Schaefer2018_700Parcels_7Networks_order	lh	7Networks_LH_DorsAttn_FEF_2	362	250	784	2.772	0.439	0.083	0.009	2	0.1	158	157	30.0478	6.3467	13.3695	46.3549	32.9854	4.7344
sub-20259	ses-1	Schaefer2018_700Parcels_7Networks_order	lh	7Networks_LH_DorsAttn_FEF_3	268	174	331	2.550	0.493	0.098	0.016	1	0.2	159	158	33.8807	4.5458	19.0892	43.3042	24.2150	7.4532
sub-20259	ses-1	Schaefer2018_700Parcels_7Networks_order	lh	7Networks_LH_DorsAttn_FEF_4	381	250	814	3.305	0.607	0.069	0.007	1	0.1	160	159	29.0044	3.6173	19.5295	40.1403	20.6107	8.0184
sub-20259	ses-1	Schaefer2018_700Parcels_7Networks_order	lh	7Networks_LH_DorsAttn_FEF_5	426	284	612	2.929	0.555	0.106	0.019	2	0.3	161	160	31.2047	5.5983	14.5670	45.3467	30.7797	5.5739
sub-20259	ses-1	Schaefer2018_700Parcels_7Networks_order	lh	7Networks_LH_DorsAttn_FEF_6	592	413	1102	2.709	0.643	0.103	0.016	6	0.4	162	161	28.4493	6.4438	-4.8510	39.4525	44.3035	4.4150
sub-20259	ses-1	Schaefer2018_700Parcels_7Networks_order	lh	7Networks_LH_DorsAttn_FEF_7	243	176	431	2.655	0.581	0.141	0.032	4	0.3	163	162	26.5393	8.5901	0.3633	47.0467	46.6834	3.0895
sub-20259	ses-1	Schaefer2018_700Parcels_7Networks_order	lh	7Networks_LH_DorsAttn_PrCv_1	508	351	853	2.716	0.350	0.117	0.023	7	0.5	164	163	33.2742	7.2941	5.7712	47.9457	42.1745	4.5618
sub-20259	ses-1	Schaefer2018_700Parcels_7Networks_order	lh	7Networks_LH_DorsAttn_PrCv_2	170	129	552	3.009	0.446	0.167	0.039	5	0.3	165	164	21.8793	8.9229	1.0760	39.5576	38.4816	2.4520
sub-20259	ses-1	Schaefer2018_700Parcels_7Networks_order	lh	7Networks_LH_DorsAttn_PrCv_3	437	294	974	3.281	0.464	0.067	0.011	1	0.2	166	165	31.5841	4.9963	7.9184	41.4715	33.5532	6.3215
sub-20259	ses-1	Schaefer2018_700Parcels_7Networks_order	lh	7Networks_LH_SalVentAttn_ParOper_1	220	141	288	3.007	0.420	0.090	0.020	1	0.2	167	166	35.1661	5.6491	21.6477	47.7161	26.0684	6.2251
sub-20259	ses-1	Schaefer2018_700Parcels_7Networks_order	lh	7Networks_LH_SalVentAttn_ParOper_2	287	204	759	3.325	0.647	0.129	0.027	4	0.3	168	167	31.3851	9.9636	1.0025	48.3345	47.3320	3.1500
sub-20259	ses-1	Schaefer2018_700Parcels_7Networks_order	lh	7Networks_LH_SalVentAttn_ParOper_3	163	103	194	2.430	0.584	0.095	0.015	1	0.1	169	168	34.7869	4.4010	24.8141	46.7412	21.9271	7.9043
sub-20259	ses-1	Schaefer2018_700Parcels_7Networks_order	lh	7Networks_LH_SalVentAttn_ParOper_4	335	247	821	3.072	0.669	0.168	0.049	6	0.7	170	169	25.6327	10.1376	-9.4105	43.4963	52.9068	2.5285
sub-20259	ses-1	Schaefer2018_700Parcels_7Networks_order	lh	7Networks_LH_SalVentAttn_ParOper_5	187	120	440	2.949	0.521	0.103	0.019	3	0.2	171	170	28.4348	8.9163	7.3307	44.6694	37.3387	3.1891
sub-20259	ses-1	Schaefer2018_700Parcels_7Networks_order	lh	7Networks_LH_SalVentAttn_ParOper_6	557	380	1257	3.139	0.432	0.115	0.023	7	0.6	172	171	30.7282	8.6925	4.7486	45.5809	40.8323	3.5350
sub-20259	ses-1	Schaefer2018_700Parcels_7Networks_order	lh	7Networks_LH_SalVentAttn_ParOper_7	493	328	1458	3.073	0.578	0.128	0.024	8	0.4	173	172	26.5407	8.5828	-6.9174	44.2483	51.1657	3.0923
sub-20259	ses-1	Schaefer2018_700Parcels_7Networks_order	lh	7Networks_LH_SalVentAttn_TempOcc_1	545	376	1046	2.850	0.547	0.114	0.020	6	0.4	174	173	29.4308	9.0730	-7.2995	43.9952	51.2947	3.2438
sub-20259	ses-1	Schaefer2018_700Parcels_7Networks_order	lh	7Networks_LH_SalVentAttn_FrOperIns_1	702	479	2002	3.840	0.723	0.108	0.028	5	0.7	175	174	20.6321	6.6045	3.3785	37.3217	33.9433	3.1239
sub-20259	ses-1	Schaefer2018_700Parcels_7Networks_order	lh	7Networks_LH_SalVentAttn_FrOperIns_2	235	153	348	2.651	0.358	0.089	0.011	1	0.1	176	175	35.3550	3.8092	21.0399	47.0483	26.0084	9.2814
sub-20259	ses-1	Schaefer2018_700Parcels_7Networks_order	lh	7Networks_LH_SalVentAttn_FrOperIns_3	617	402	1228	3.549	0.619	0.095	0.020	4	0.5	177	176	27.2647	7.7411	-1.8976	40.2366	42.1341	3.5221
sub-20259	ses-1	Schaefer2018_700Parcels_7Networks_order	lh	7Networks_LH_SalVentAttn_FrOperIns_4	659	412	991	3.091	0.464	0.090	0.014	2	0.4	178	177	34.9785	4.1263	21.1475	43.5936	22.4461	8.4770
sub-20259	ses-1	Schaefer2018_700Parcels_7Networks_order	lh	7Networks_LH_SalVentAttn_FrOperIns_5	251	174	656	3.640	0.815	0.116	0.021	2	0.3	179	178	24.9745	4.2085	10.6004	33.7935	23.1931	5.9343
sub-20259	ses-1	Schaefer2018_700Parcels_7Networks_order	lh	7Networks_LH_SalVentAttn_FrOperIns_6	100	64	169	3.198	0.398	0.077	0.018	0	0.0	180	179	33.8233	7.1399	-2.1774	41.9478	44.1252	4.7372
sub-20259	ses-1	Schaefer2018_700Parcels_7Networks_order	lh	7Networks_LH_SalVentAttn_FrOperIns_7	513	335	860	3.007	0.501	0.126	0.024	7	0.6	181	180	31.9573	6.7291	-6.9224	45.6512	52.5736	4.7491
sub-20259	ses-1	Schaefer2018_700Parcels_7Networks_order	lh	7Networks_LH_SalVentAttn_FrOperIns_8	344	247	1091	3.285	0.405	0.122	0.027	6	0.4	182	181	29.3712	6.6932	-1.5593	43.1452	44.7045	4.3882
sub-20259	ses-1	Schaefer2018_700Parcels_7Networks_order	lh	7Networks_LH_SalVentAttn_FrOperIns_9	377	275	1064	3.138	0.605	0.117	0.026	6	0.3	183	182	27.1214	9.2852	0.1745	48.5007	48.3262	2.9209
sub-20259	ses-1	Schaefer2018_700Parcels_7Networks_order	lh	7Networks_LH_SalVentAttn_FrOperIns_10	226	158	341	2.713	0.206	0.089	0.009	1	0.1	184	183	32.8733	5.6444	16.5756	42.4612	25.8855	5.8240
sub-20259	ses-1	Schaefer2018_700Parcels_7Networks_order	lh	7Networks_LH_SalVentAttn_FrOperIns_11	268	176	459	2.723	0.276	0.072	0.010	1	0.1	185	184	31.7413	3.4828	17.9180	40.4614	22.5434	9.1138
sub-20259	ses-1	Schaefer2018_700Parcels_7Networks_order	lh	7Networks_LH_SalVentAttn_PFCl_1	910	684	2082	2.712	0.644	0.123	0.026	12	1.0	186	185	27.5264	9.5132	-19.5855	44.6380	64.2235	2.8935
sub-20259	ses-1	Schaefer2018_700Parcels_7Networks_order	lh	7Networks_LH_SalVentAttn_PFCl_2	353	259	1026	3.261	0.629	0.123	0.025	5	0.4	187	186	27.0151	7.6655	8.1820	42.6000	34.4179	3.5243
sub-20259	ses-1	Schaefer2018_700Parcels_7Networks_order	lh	7Networks_LH_SalVentAttn_Med_1	384	241	733	2.989	0.396	0.085	0.009	2	0.2	188	187	36.7192	4.0047	20.3652	43.3329	22.9677	9.1690
sub-20259	ses-1	Schaefer2018_700Parcels_7Networks_order	lh	7Networks_LH_SalVentAttn_Med_2	88	63	272	4.087	0.804	0.138	0.025	1	0.1	189	188	37.2304	7.3576	16.3579	48.5165	32.1586	5.0602
sub-20259	ses-1	Schaefer2018_700Parcels_7Networks_order	lh	7Networks_LH_SalVentAttn_Med_3	353	231	792	3.330	0.505	0.087	0.011	2	0.2	190	189	32.2036	6.7445	6.4301	45.2070	38.7769	4.7748
sub-20259	ses-1	Schaefer2018_700Parcels_7Networks_order	lh	7Networks_LH_SalVentAttn_Med_4	188	121	262	2.638	0.482	0.090	0.012	1	0.1	191	190	34.1950	6.2524	19.1651	45.8415	26.6764	5.4691
sub-20259	ses-1	Schaefer2018_700Parcels_7Networks_order	lh	7Networks_LH_SalVentAttn_Med_5	337	231	579	2.738	0.466	0.100	0.016	2	0.3	192	191	34.2452	5.0279	17.3534	44.2601	26.9067	6.8110
sub-20259	ses-1	Schaefer2018_700Parcels_7Networks_order	lh	7Networks_LH_SalVentAttn_Med_6	392	271	1090	3.347	0.340	0.120	0.030	4	0.5	193	192	31.3936	6.3773	8.0048	42.4349	34.4301	4.9227
sub-20259	ses-1	Schaefer2018_700Parcels_7Networks_order	lh	7Networks_LH_SalVentAttn_Med_7	169	104	227	2.940	0.346	0.076	0.016	0	0.1	194	193	34.3010	3.4577	25.7782	42.1040	16.3258	9.9203
sub-20259	ses-1	Schaefer2018_700Parcels_7Networks_order	lh	7Networks_LH_SalVentAttn_Med_8	360	243	767	3.166	0.367	0.110	0.021	3	0.3	195	194	31.9391	7.5222	13.6366	46.7363	33.0997	4.2460
sub-20259	ses-1	Schaefer2018_700Parcels_7Networks_order	lh	7Networks_LH_SalVentAttn_Med_9	254	178	431	2.889	0.573	0.117	0.025	2	0.2	196	195	25.5391	6.8137	-1.1044	35.8827	36.9871	3.7482
sub-20259	ses-1	Schaefer2018_700Parcels_7Networks_order	lh	7Networks_LH_SalVentAttn_Med_10	205	134	372	2.562	0.339	0.071	0.014	1	0.1	197	196	27.7739	6.2263	8.4053	38.1762	29.7710	4.4607
sub-20259	ses-1	Schaefer2018_700Parcels_7Networks_order	lh	7Networks_LH_SalVentAttn_Med_11	208	165	558	2.872	0.466	0.152	0.029	2	0.2	198	197	22.5262	7.8563	-0.2064	42.0022	42.2086	2.8673
sub-20259	ses-1	Schaefer2018_700Parcels_7Networks_order	lh	7Networks_LH_SalVentAttn_Med_12	167	120	326	3.053	0.439	0.128	0.019	1	0.2	199	198	33.5001	5.5400	13.7601	44.2527	30.4926	6.0469
sub-20259	ses-1	Schaefer2018_700Parcels_7Networks_order	lh	7Networks_LH_SalVentAttn_Med_13	136	98	212	2.429	0.393	0.087	0.016	0	0.1	200	199	16.8255	5.9451	0.5385	26.9249	26.3863	2.8302
sub-20259	ses-1	Schaefer2018_700Parcels_7Networks_order	lh	7Networks_LH_SalVentAttn_Med_14	268	218	816	3.164	0.449	0.188	0.050	5	0.6	201	200	23.4545	7.1439	-2.0591	38.7877	40.8468	3.2831
sub-20259	ses-1	Schaefer2018_700Parcels_7Networks_order	lh	7Networks_LH_SalVentAttn_Med_15	332	261	1305	3.643	0.595	0.133	0.035	4	0.5	202	201	25.2726	8.4049	-9.7686	41.6935	51.4621	3.0069
sub-20259	ses-1	Schaefer2018_700Parcels_7Networks_order	lh	7Networks_LH_Limbic_OFC_1	535	370	1004	2.783	0.478	0.120	0.031	5	0.7	203	202	27.8610	8.5871	2.5365	42.2402	39.7037	3.2445
sub-20259	ses-1	Schaefer2018_700Parcels_7Networks_order	lh	7Networks_LH_Limbic_OFC_2	429	316	1377	3.309	0.615	0.165	0.049	9	0.8	204	203	21.2853	8.8928	-5.2218	43.3444	48.5662	2.3935
sub-20259	ses-1	Schaefer2018_700Parcels_7Networks_order	lh	7Networks_LH_Limbic_OFC_3	375	261	674	2.507	0.576	0.104	0.022	4	0.3	205	204	30.5603	10.0217	4.4472	51.9894	47.5422	3.0494
sub-20259	ses-1	Schaefer2018_700Parcels_7Networks_order	lh	7Networks_LH_Limbic_OFC_4	613	436	1192	3.073	0.603	0.128	0.027	6	0.8	206	205	34.3093	9.2246	-18.1146	51.8209	69.9355	3.7193
sub-20259	ses-1	Schaefer2018_700Parcels_7Networks_order	lh	7Networks_LH_Limbic_OFC_5	433	325	1048	2.657	0.698	0.135	0.038	15	0.6	207	206	22.0640	11.1278	-36.1450	42.5198	78.6648	1.9828
sub-20259	ses-1	Schaefer2018_700Parcels_7Networks_order	lh	7Networks_LH_Limbic_OFC_6	645	456	1541	2.592	0.909	0.140	0.039	18	1.2	208	207	23.7438	11.3583	-15.4133	50.2491	65.6625	2.0904
sub-20259	ses-1	Schaefer2018_700Parcels_7Networks_order	lh	7Networks_LH_Limbic_OFC_7	497	346	1392	3.649	0.763	0.115	0.023	4	0.5	209	208	39.2726	8.7489	9.3346	56.4178	47.0832	4.4889
sub-20259	ses-1	Schaefer2018_700Parcels_7Networks_order	lh	7Networks_LH_Limbic_OFC_8	249	141	390	2.570	0.976	0.087	0.030	4	0.2	210	209	25.6939	13.0039	-21.8193	44.7248	66.5441	1.9759
sub-20259	ses-1	Schaefer2018_700Parcels_7Networks_order	lh	7Networks_LH_Limbic_OFC_9	771	492	1560	2.648	0.641	0.122	0.032	17	0.8	211	210	28.7897	9.6890	-1.4206	48.7069	50.1276	2.9714
sub-20259	ses-1	Schaefer2018_700Parcels_7Networks_order	lh	7Networks_LH_Limbic_TempPole_1	724	584	2648	3.544	0.779	0.144	0.044	12	1.4	212	211	25.7581	10.9542	-10.6095	51.2111	61.8206	2.3514
sub-20259	ses-1	Schaefer2018_700Parcels_7Networks_order	lh	7Networks_LH_Limbic_TempPole_2	698	484	2070	3.422	0.585	0.130	0.028	11	0.7	213	212	29.3270	8.5399	-0.0890	48.3402	48.4293	3.4341
sub-20259	ses-1	Schaefer2018_700Parcels_7Networks_order	lh	7Networks_LH_Limbic_TempPole_3	630	485	1946	3.453	0.597	0.131	0.030	8	0.8	214	213	32.9996	10.1746	2.5600	54.9084	52.3483	3.2433
sub-20259	ses-1	Schaefer2018_700Parcels_7Networks_order	lh	7Networks_LH_Limbic_TempPole_4	516	392	1295	3.043	0.518	0.132	0.030	9	0.5	215	214	25.2462	8.4356	-16.4962	41.8365	58.3327	2.9928
sub-20259	ses-1	Schaefer2018_700Parcels_7Networks_order	lh	7Networks_LH_Limbic_TempPole_5	848	567	1440	2.933	0.542	0.091	0.014	5	0.6	216	215	33.8905	5.8213	4.3791	48.6056	44.2264	5.8218
sub-20259	ses-1	Schaefer2018_700Parcels_7Networks_order	lh	7Networks_LH_Limbic_TempPole_6	192	119	466	2.423	1.602	0.134	0.056	3	0.2	217	216	18.6979	12.5646	0.0000	38.5988	38.5988	1.4881
sub-20259	ses-1	Schaefer2018_700Parcels_7Networks_order	lh	7Networks_LH_Limbic_TempPole_7	684	447	1341	2.975	0.509	0.099	0.015	5	0.4	218	217	35.5513	5.6290	16.7582	49.1460	32.3879	6.3158
sub-20259	ses-1	Schaefer2018_700Parcels_7Networks_order	lh	7Networks_LH_Limbic_TempPole_8	491	322	1221	3.206	1.217	0.105	0.034	4	0.5	219	218	22.5381	12.2060	0.0000	46.6845	46.6845	1.8465
sub-20259	ses-1	Schaefer2018_700Parcels_7Networks_order	lh	7Networks_LH_Limbic_TempPole_9	520	334	1102	2.632	1.568	0.122	0.030	27	0.7	220	219	19.9188	12.0971	-2.7203	41.0393	43.7596	1.6466
sub-20259	ses-1	Schaefer2018_700Parcels_7Networks_order	lh	7Networks_LH_Limbic_TempPole_10	754	549	2728	3.770	0.595	0.109	0.023	9	0.8	221	220	29.1441	7.4926	0.6022	48.6225	48.0203	3.8897
sub-20259	ses-1	Schaefer2018_700Parcels_7Networks_order	lh	7Networks_LH_Limbic_TempPole_11	382	285	850	3.116	0.781	0.134	0.030	6	0.5	222	221	26.6119	7.2400	2.3945	39.3317	36.9372	3.6757
sub-20259	ses-1	Schaefer2018_700Parcels_7Networks_order	lh	7Networks_LH_Limbic_TempPole_12	370	238	740	2.646	0.557	0.130	0.028	7	0.4	223	222	28.1559	9.4631	-0.3527	48.8629	49.2156	2.9753
sub-20259	ses-1	Schaefer2018_700Parcels_7Networks_order	lh	7Networks_LH_Limbic_TempPole_13	235	150	453	3.754	0.777	0.079	0.020	1	0.2	224	223	32.3409	5.6105	15.2542	41.3846	26.1304	5.7643
sub-20259	ses-1	Schaefer2018_700Parcels_7Networks_order	lh	7Networks_LH_Limbic_TempPole_14	408	254	829	3.221	0.467	0.059	0.007	1	0.1	225	224	32.9642	3.5523	20.0377	42.6562	22.6184	9.2797
sub-20259	ses-1	Schaefer2018_700Parcels_7Networks_order	lh	7Networks_LH_Cont_Par_1	175	126	686	3.622	0.436	0.118	0.025	2	0.2	226	225	30.2738	6.7556	13.5756	42.9882	29.4126	4.4813
sub-20259	ses-1	Schaefer2018_700Parcels_7Networks_order	lh	7Networks_LH_Cont_Par_2	445	296	780	2.663	0.494	0.082	0.016	2	0.3	227	226	30.4034	6.3208	2.5328	45.2506	42.7178	4.8100
sub-20259	ses-1	Schaefer2018_700Parcels_7Networks_order	lh	7Networks_LH_Cont_Par_3	244	205	548	2.257	0.582	0.126	0.029	5	0.2	228	227	23.5590	11.3721	-20.9439	43.8405	64.7844	2.0716
sub-20259	ses-1	Schaefer2018_700Parcels_7Networks_order	lh	7Networks_LH_Cont_Par_4	225	187	519	2.549	0.461	0.136	0.028	3	0.3	229	228	23.1186	8.8192	3.4174	45.2436	41.8262	2.6214
sub-20259	ses-1	Schaefer2018_700Parcels_7Networks_order	lh	7Networks_LH_Cont_Par_5	172	114	279	2.621	0.703	0.103	0.022	2	0.1	230	229	32.7243	9.1742	-0.5037	44.5786	45.0823	3.5670
sub-20259	ses-1	Schaefer2018_700Parcels_7Networks_order	lh	7Networks_LH_Cont_Par_6	305	201	537	2.605	0.628	0.071	0.010	1	0.1	231	230	25.1240	6.7529	10.0674	39.8412	29.7738	3.7205
sub-20259	ses-1	Schaefer2018_700Parcels_7Networks_order	lh	7Networks_LH_Cont_Par_7	318	231	1057	3.119	0.471	0.130	0.042	10	0.5	232	231	24.4899	8.5165	-10.9583	42.7108	53.6691	2.8756
sub-20259	ses-1	Schaefer2018_700Parcels_7Networks_order	lh	7Networks_LH_Cont_Par_8	134	84	192	2.785	0.527	0.079	0.016	0	0.1	233	232	29.6244	6.7137	13.9134	44.0137	30.1002	4.4125
sub-20259	ses-1	Schaefer2018_700Parcels_7Networks_order	lh	7Networks_LH_Cont_Par_9	292	191	494	2.613	0.326	0.123	0.025	3	0.3	234	233	30.9790	7.3613	2.2416	42.9038	40.6622	4.2084
sub-20259	ses-1	Schaefer2018_700Parcels_7Networks_order	lh	7Networks_LH_Cont_Temp_1	287	184	536	2.604	0.533	0.061	0.006	1	0.0	235	234	34.7365	4.4825	18.8741	42.2086	23.3345	7.7493
sub-20259	ses-1	Schaefer2018_700Parcels_7Networks_order	lh	7Networks_LH_Cont_OFC_1	392	265	1097	3.669	0.709	0.116	0.031	4	0.4	236	235	36.0010	11.2399	8.3625	59.8328	51.4703	3.2030
sub-20259	ses-1	Schaefer2018_700Parcels_7Networks_order	lh	7Networks_LH_Cont_PFCl_1	831	609	2008	2.882	0.669	0.153	0.044	20	1.6	237	236	29.2774	9.4194	-12.8017	51.1961	63.9979	3.1082
sub-20259	ses-1	Schaefer2018_700Parcels_7Networks_order	lh	7Networks_LH_Cont_PFCl_2	533	348	1102	2.872	0.459	0.122	0.022	8	0.5	238	237	31.4922	8.1486	-0.6893	46.0761	46.7654	3.8647
sub-20259	ses-1	Schaefer2018_700Parcels_7Networks_order	lh	7Networks_LH_Cont_PFCl_3	546	395	1472	2.845	0.536	0.125	0.028	10	0.6	239	238	24.5126	9.3326	-9.1494	43.6863	52.8357	2.6265
sub-20259	ses-1	Schaefer2018_700Parcels_7Networks_order	lh	7Networks_LH_Cont_PFCl_4	759	538	1703	2.812	0.448	0.122	0.021	9	0.7	240	239	32.2987	7.4997	7.6270	49.4922	41.8652	4.3067
sub-20259	ses-1	Schaefer2018_700Parcels_7Networks_order	lh	7Networks_LH_Cont_PFCl_5	566	400	928	2.423	0.600	0.121	0.021	5	0.6	241	240	32.5828	6.7188	-0.9660	46.7635	47.7294	4.8495
sub-20259	ses-1	Schaefer2018_700Parcels_7Networks_order	lh	7Networks_LH_Cont_PFCl_6	386	272	1028	2.845	0.445	0.111	0.023	6	0.3	242	241	26.6081	8.3674	2.2829	44.6179	42.3349	3.1800
sub-20259	ses-1	Schaefer2018_700Parcels_7Networks_order	lh	7Networks_LH_Cont_PFCl_7	809	596	1841	2.871	0.500	0.131	0.032	16	1.0	243	242	29.3780	10.3260	0.9464	46.3527	45.4063	2.8450
sub-20259	ses-1	Schaefer2018_700Parcels_7Networks_order	lh	7Networks_LH_Cont_PFCl_8	538	374	1473	2.979	0.538	0.112	0.025	8	0.5	244	243	26.6465	8.7374	-5.9609	46.6882	52.6490	3.0497
sub-20259	ses-1	Schaefer2018_700Parcels_7Networks_order	lh	7Networks_LH_Cont_PFCl_9	268	182	429	2.717	0.411	0.120	0.024	4	0.2	245	244	30.8889	7.9654	10.2743	44.6166	34.3423	3.8779
sub-20259	ses-1	Schaefer2018_700Parcels_7Networks_order	lh	7Networks_LH_Cont_PFCl_10	590	435	1629	3.125	0.549	0.124	0.029	7	0.5	246	245	29.5962	7.8228	8.8982	51.4217	42.5234	3.7833
sub-20259	ses-1	Schaefer2018_700Parcels_7Networks_order	lh	7Networks_LH_Cont_PFCl_11	412	272	632	2.616	0.377	0.102	0.015	2	0.3	247	246	36.7786	4.9521	16.0706	48.2900	32.2194	7.4268
sub-20259	ses-1	Schaefer2018_700Parcels_7Networks_order	lh	7Networks_LH_Cont_PFCl_12	377	237	490	2.579	0.360	0.101	0.014	2	0.3	248	247	34.9777	4.8349	13.9633	43.6884	29.7251	7.2344
sub-20259	ses-1	Schaefer2018_700Parcels_7Networks_order	lh	7Networks_LH_Cont_PFCl_13	574	415	1527	3.007	0.500	0.124	0.023	8	0.5	249	248	28.9006	8.1890	0.1859	47.2779	47.0920	3.5292
sub-20259	ses-1	Schaefer2018_700Parcels_7Networks_order	lh	7Networks_LH_Cont_PFCl_14	639	454	1628	2.917	0.639	0.117	0.026	7	0.6	250	249	31.0912	9.4065	-10.4341	47.0054	57.4395	3.3053
sub-20259	ses-1	Schaefer2018_700Parcels_7Networks_order	lh	7Networks_LH_Cont_PFCl_15	280	190	474	3.088	0.449	0.113	0.025	2	0.3	251	250	32.9453	6.4297	7.9546	44.9127	36.9581	5.1239
sub-20259	ses-1	Schaefer2018_700Parcels_7Networks_order	lh	7Networks_LH_Cont_PFCv_1	158	101	499	4.054	0.601	0.104	0.035	2	0.3	252	251	17.8619	7.6752	-2.7095	35.1591	37.8687	2.3272
sub-20259	ses-1	Schaefer2018_700Parcels_7Networks_order	lh	7Networks_LH_Cont_PFCv_2	125	77	174	2.815	0.392	0.076	0.012	0	0.1	253	252	34.7665	4.4105	19.7824	46.3954	26.6130	7.8827
sub-20259	ses-1	Schaefer2018_700Parcels_7Networks_order	lh	7Networks_LH_Cont_PFCv_3	315	206	934	3.624	0.765	0.096	0.022	2	0.3	254	253	28.4703	8.4366	4.2042	42.0719	37.8676	3.3746
sub-20259	ses-1	Schaefer2018_700Parcels_7Networks_order	lh	7Networks_LH_Cont_pCun_1	364	311	1140	2.838	0.692	0.161	0.040	9	0.6	255	254	22.4794	8.2443	3.9376	44.3695	40.4319	2.7267
sub-20259	ses-1	Schaefer2018_700Parcels_7Networks_order	lh	7Networks_LH_Cont_pCun_2	178	133	353	2.677	0.504	0.140	0.027	3	0.2	256	255	28.7422	7.2318	9.9974	49.0261	39.0287	3.9744
sub-20259	ses-1	Schaefer2018_700Parcels_7Networks_order	lh	7Networks_LH_Cont_pCun_3	211	140	514	2.881	0.658	0.104	0.028	2	0.2	257	256	28.0257	6.0729	13.7021	47.6921	33.9901	4.6149
sub-20259	ses-1	Schaefer2018_700Parcels_7Networks_order	lh	7Networks_LH_Cont_Cing_1	173	108	192	1.741	0.583	0.125	0.012	2	0.1	258	257	33.2483	5.9036	18.7733	45.6989	26.9256	5.6319
sub-20259	ses-1	Schaefer2018_700Parcels_7Networks_order	lh	7Networks_LH_Cont_PFCmp_1	591	390	1177	2.908	0.416	0.090	0.016	4	0.4	259	258	35.1618	6.6535	1.0830	49.9089	48.8259	5.2847
sub-20259	ses-1	Schaefer2018_700Parcels_7Networks_order	lh	7Networks_LH_Cont_Cing_2	278	187	279	1.474	0.493	0.088	0.012	3	0.1	260	259	28.7571	7.9220	5.1131	48.3933	43.2802	3.6300
sub-20259	ses-1	Schaefer2018_700Parcels_7Networks_order	lh	7Networks_LH_Cont_Cing_3	210	136	179	1.278	0.427	0.109	0.017	3	0.2	261	260	30.7775	4.9606	15.9616	42.3938	26.4321	6.2044
sub-20259	ses-1	Schaefer2018_700Parcels_7Networks_order	lh	7Networks_LH_Cont_Cing_4	123	88	116	1.329	0.415	0.079	0.010	1	0.1	262	261	29.0529	6.3359	12.3886	48.0015	35.6129	4.5854
sub-20259	ses-1	Schaefer2018_700Parcels_7Networks_order	lh	7Networks_LH_Cont_PFCmp_2	354	238	1054	3.473	0.559	0.108	0.027	3	0.3	263	262	31.4047	5.2148	19.4872	42.2117	22.7245	6.0222
sub-20259	ses-1	Schaefer2018_700Parcels_7Networks_order	lh	7Networks_LH_Cont_PFCmp_3	620	406	1422	3.606	0.640	0.097	0.018	3	0.5	264	263	35.0918	4.6374	22.0458	48.7709	26.7251	7.5672
sub-20259	ses-1	Schaefer2018_700Parcels_7Networks_order	lh	7Networks_LH_Default_Temp_1	1038	741	2584	3.284	0.634	0.114	0.020	11	0.9	265	264	33.5578	6.8887	1.4992	48.7415	47.2423	4.8715
sub-20259	ses-1	Schaefer2018_700Parcels_7Networks_order	lh	7Networks_LH_Default_Temp_2	660	440	1559	2.958	0.455	0.108	0.028	8	0.6	266	265	30.0503	9.8595	1.1279	51.2023	50.0744	3.0479
sub-20259	ses-1	Schaefer2018_700Parcels_7Networks_order	lh	7Networks_LH_Default_Temp_3	692	456	1922	3.486	0.420	0.117	0.026	9	0.6	267	266	28.8579	7.9272	3.0225	45.8602	42.8377	3.6404
sub-20259	ses-1	Schaefer2018_700Parcels_7Networks_order	lh	7Networks_LH_Default_Temp_4	622	435	1612	3.076	0.524	0.127	0.024	10	0.6	268	267	29.2074	7.2371	7.1870	44.4562	37.2692	4.0358
sub-20259	ses-1	Schaefer2018_700Parcels_7Networks_order	lh	7Networks_LH_Default_Temp_5	737	505	1472	2.736	0.538	0.108	0.020	6	0.7	269	268	31.2903	7.0202	2.4914	45.0908	42.5994	4.4572
sub-20259	ses-1	Schaefer2018_700Parcels_7Networks_order	lh	7Networks_LH_Default_Temp_6	862	528	1759	3.071	0.380	0.083	0.010	8	0.4	270	269	32.2047	6.6737	7.1121	45.0053	37.8931	4.8256
sub-20259	ses-1	Schaefer2018_700Parcels_7Networks_order	lh	7Networks_LH_Default_Temp_7	417	256	1149	3.352	0.370	0.109	0.023	5	0.4	271	270	27.1129	7.1095	3.4866	40.4774	36.9908	3.8136
sub-20259	ses-1	Schaefer2018_700Parcels_7Networks_order	lh	7Networks_LH_Default_Temp_8	492	327	950	3.148	0.419	0.059	0.008	1	0.2	272	271	33.6016	3.7385	19.8627	40.9506	21.0880	8.9881
sub-20259	ses-1	Schaefer2018_700Parcels_7Networks_order	lh	7Networks_LH_Default_Temp_9	482	313	998	2.750	0.688	0.082	0.014	3	0.3	273	272	35.6302	6.4686	10.0618	53.0991	43.0373	5.5082
sub-20259	ses-1	Schaefer2018_700Parcels_7Networks_order	lh	7Networks_LH_Default_Temp_10	663	419	893	2.541	0.364	0.089	0.011	4	0.4	274	273	34.0812	4.1655	18.3913	45.8596	27.4683	8.1818
sub-20259	ses-1	Schaefer2018_700Parcels_7Networks_order	lh	7Networks_LH_Default_Temp_11	554	363	1387	3.210	0.606	0.090	0.020	6	0.4	275	274	30.7980	10.6745	-1.2556	48.1945	49.4502	2.8852
sub-20259	ses-1	Schaefer2018_700Parcels_7Networks_order	lh	7Networks_LH_Default_Temp_12	440	307	928	2.695	0.404	0.110	0.023	6	0.4	276	275	27.9276	8.9163	2.6728	43.3391	40.6663	3.1322
sub-20259	ses-1	Schaefer2018_700Parcels_7Networks_order	lh	7Networks_LH_Default_Temp_13	549	364	966	2.995	0.529	0.127	0.025	5	0.6	277	276	33.7606	4.9446	7.6837	44.3706	36.6868	6.8277
sub-20259	ses-1	Schaefer2018_700Parcels_7Networks_order	lh	7Networks_LH_Default_Temp_14	490	355	1445	3.034	0.532	0.128	0.027	8	0.6	278	277	24.8464	8.4098	1.9032	47.0298	45.1266	2.9545
sub-20259	ses-1	Schaefer2018_700Parcels_7Networks_order	lh	7Networks_LH_Default_Temp_15	341	232	604	2.633	0.372	0.107	0.021	2	0.3	279	278	28.1570	5.6564	9.7193	42.7717	33.0523	4.9779
sub-20259	ses-1	Schaefer2018_700Parcels_7Networks_order	lh	7Networks_LH_Default_Temp_16	857	558	1780	2.980	0.445	0.106	0.021	8	0.8	280	279	33.2259	7.6926	8.0274	47.8673	39.8399	4.3192
sub-20259	ses-1	Schaefer2018_700Parcels_7Networks_order	lh	7Networks_LH_Default_Par_1	407	268	1013	3.093	0.674	0.102	0.019	7	0.2	281	280	30.6467	11.9374	-8.9961	50.5464	59.5425	2.5673
sub-20259	ses-1	Schaefer2018_700Parcels_7Networks_order	lh	7Networks_LH_Default_Par_2	690	447	1333	2.763	0.536	0.083	0.017	4	0.4	282	281	30.3256	7.6616	-3.1079	46.8020	49.9099	3.9581
sub-20259	ses-1	Schaefer2018_700Parcels_7Networks_order	lh	7Networks_LH_Default_Par_3	424	280	737	2.936	0.542	0.113	0.024	4	0.4	283	282	31.5989	7.7457	-6.6110	45.7550	52.3660	4.0795
sub-20259	ses-1	Schaefer2018_700Parcels_7Networks_order	lh	7Networks_LH_Default_Par_4	581	388	1509	3.435	0.691	0.109	0.023	5	0.6	284	283	28.1833	8.7367	4.6265	49.2800	44.6536	3.2259
sub-20259	ses-1	Schaefer2018_700Parcels_7Networks_order	lh	7Networks_LH_Default_Par_5	480	330	732	2.634	0.331	0.114	0.020	5	0.5	285	284	31.4575	6.7694	3.5993	44.6797	41.0803	4.6470
sub-20259	ses-1	Schaefer2018_700Parcels_7Networks_order	lh	7Networks_LH_Default_Par_6	442	312	1186	3.021	0.523	0.112	0.022	5	0.4	286	285	24.2145	6.2667	2.6986	39.5850	36.8863	3.8640
sub-20259	ses-1	Schaefer2018_700Parcels_7Networks_order	lh	7Networks_LH_Default_Par_7	338	260	1201	3.304	0.477	0.122	0.031	4	0.4	287	286	27.3647	9.3843	0.5120	43.2255	42.7134	2.9160
sub-20259	ses-1	Schaefer2018_700Parcels_7Networks_order	lh	7Networks_LH_Default_Par_8	443	279	590	2.629	0.462	0.086	0.014	2	0.3	288	287	32.8170	6.3958	10.2089	49.1192	38.9103	5.1310
sub-20259	ses-1	Schaefer2018_700Parcels_7Networks_order	lh	7Networks_LH_Default_Par_9	175	143	467	2.573	0.596	0.161	0.043	7	0.2	289	288	22.7934	10.7870	-5.3168	41.4936	46.8104	2.1130
sub-20259	ses-1	Schaefer2018_700Parcels_7Networks_order	lh	7Networks_LH_Default_Par_10	312	240	1064	3.250	0.497	0.151	0.043	8	0.5	290	289	25.0619	8.4465	-0.1234	43.8585	43.9819	2.9671
sub-20259	ses-1	Schaefer2018_700Parcels_7Networks_order	lh	7Networks_LH_Default_Par_11	370	302	1197	2.896	0.549	0.127	0.044	9	0.4	291	290	22.1029	9.3822	-5.7342	36.8684	42.6026	2.3558
sub-20259	ses-1	Schaefer2018_700Parcels_7Networks_order	lh	7Networks_LH_Default_Par_12	368	257	1301	3.240	0.640	0.131	0.032	7	0.4	292	291	28.4147	6.2361	7.6184	41.3821	33.7637	4.5565
sub-20259	ses-1	Schaefer2018_700Parcels_7Networks_order	lh	7Networks_LH_Default_PFC_1	217	152	438	2.971	0.450	0.109	0.020	1	0.2	293	292	27.9254	6.6376	1.3868	42.9677	41.5809	4.2071
sub-20259	ses-1	Schaefer2018_700Parcels_7Networks_order	lh	7Networks_LH_Default_PFC_2	373	267	924	3.398	0.610	0.124	0.022	4	0.5	294	293	31.6038	6.9782	9.9027	44.7778	34.8751	4.5290
sub-20259	ses-1	Schaefer2018_700Parcels_7Networks_order	lh	7Networks_LH_Default_PFC_3	722	488	1984	3.178	0.567	0.102	0.028	9	0.7	295	294	31.2329	9.1917	0.5028	46.7307	46.2279	3.3980
sub-20259	ses-1	Schaefer2018_700Parcels_7Networks_order	lh	7Networks_LH_Default_PFC_4	161	118	600	3.735	0.471	0.146	0.028	2	0.2	296	295	27.7832	6.8741	6.1632	44.3744	38.2112	4.0417
sub-20259	ses-1	Schaefer2018_700Parcels_7Networks_order	lh	7Networks_LH_Default_PFC_5	718	544	2064	3.063	0.797	0.149	0.034	11	1.2	297	296	30.6368	10.1141	-23.0449	53.3616	76.4065	3.0291
sub-20259	ses-1	Schaefer2018_700Parcels_7Networks_order	lh	7Networks_LH_Default_PFC_6	686	471	1223	2.744	0.373	0.108	0.026	8	0.7	298	297	31.7541	10.5967	-19.1546	49.5736	68.7282	2.9966
sub-20259	ses-1	Schaefer2018_700Parcels_7Networks_order	lh	7Networks_LH_Default_PFC_7	72	45	148	3.254	0.518	0.113	0.011	1	0.0	299	298	38.2401	6.1946	14.0535	47.3994	33.3459	6.1731
sub-20259	ses-1	Schaefer2018_700Parcels_7Networks_order	lh	7Networks_LH_Default_PFC_8	510	363	1258	2.970	0.455	0.138	0.028	9	0.6	300	299	25.5702	8.2755	2.1261	45.5817	43.4556	3.0899
sub-20259	ses-1	Schaefer2018_700Parcels_7Networks_order	lh	7Networks_LH_Default_PFC_9	632	500	1503	2.421	0.641	0.142	0.032	11	1.0	301	300	27.5286	9.4885	-5.1072	46.7854	51.8926	2.9012
sub-20259	ses-1	Schaefer2018_700Parcels_7Networks_order	lh	7Networks_LH_Default_PFC_10	433	345	1386	3.139	0.864	0.166	0.041	17	0.5	302	301	27.1102	10.8938	0.0665	50.1328	50.0663	2.4886
sub-20259	ses-1	Schaefer2018_700Parcels_7Networks_order	lh	7Networks_LH_Default_PFC_11	818	565	1888	2.890	0.433	0.124	0.024	10	0.8	303	302	30.2225	5.9499	12.9789	44.5124	31.5336	5.0795
sub-20259	ses-1	Schaefer2018_700Parcels_7Networks_order	lh	7Networks_LH_Default_PFC_12	690	497	1789	3.137	0.559	0.119	0.025	7	0.7	304	303	31.6136	6.4494	5.9850	48.1437	42.1587	4.9018
sub-20259	ses-1	Schaefer2018_700Parcels_7Networks_order	lh	7Networks_LH_Default_PFC_13	425	303	1053	2.890	0.703	0.125	0.028	6	0.6	305	304	31.0899	8.8315	5.4232	49.1956	43.7724	3.5203
sub-20259	ses-1	Schaefer2018_700Parcels_7Networks_order	lh	7Networks_LH_Default_PFC_14	653	448	1683	3.292	0.367	0.111	0.019	6	0.5	306	305	33.3245	6.1172	14.5059	46.0067	31.5008	5.4477
sub-20259	ses-1	Schaefer2018_700Parcels_7Networks_order	lh	7Networks_LH_Default_PFC_15	538	401	1324	2.731	0.555	0.139	0.031	8	0.7	307	306	30.4741	8.8410	0.4513	48.8491	48.3979	3.4469
sub-20259	ses-1	Schaefer2018_700Parcels_7Networks_order	lh	7Networks_LH_Default_PFC_16	266	183	581	2.704	0.771	0.150	0.022	6	0.3	308	307	33.7356	9.2945	11.4302	58.4899	47.0598	3.6296
sub-20259	ses-1	Schaefer2018_700Parcels_7Networks_order	lh	7Networks_LH_Default_PFC_17	287	221	810	3.028	0.482	0.121	0.026	4	0.3	309	308	29.9100	6.5121	6.3710	41.5674	35.1964	4.5929
sub-20259	ses-1	Schaefer2018_700Parcels_7Networks_order	lh	7Networks_LH_Default_PFC_18	256	188	938	3.457	0.443	0.143	0.035	5	0.3	310	309	30.4162	8.9222	10.1757	47.6866	37.5109	3.4091
sub-20259	ses-1	Schaefer2018_700Parcels_7Networks_order	lh	7Networks_LH_Default_PFC_19	525	360	1157	2.994	0.687	0.104	0.020	3	0.5	311	310	36.4457	4.9796	16.6478	52.6911	36.0433	7.3190
sub-20259	ses-1	Schaefer2018_700Parcels_7Networks_order	lh	7Networks_LH_Default_PFC_20	447	342	893	2.355	0.497	0.113	0.028	4	0.6	312	311	30.2612	9.6578	-2.2730	45.5543	47.8273	3.1333
sub-20259	ses-1	Schaefer2018_700Parcels_7Networks_order	lh	7Networks_LH_Default_PFC_21	726	543	2083	3.421	0.826	0.131	0.033	8	1.1	313	312	33.5371	10.8559	-19.3513	53.1171	72.4684	3.0893
sub-20259	ses-1	Schaefer2018_700Parcels_7Networks_order	lh	7Networks_LH_Default_PFC_22	529	389	1872	3.688	0.841	0.118	0.024	6	0.6	314	313	34.0682	6.9748	11.0121	51.4529	40.4408	4.8845
sub-20259	ses-1	Schaefer2018_700Parcels_7Networks_order	lh	7Networks_LH_Default_PFC_23	401	300	1059	2.689	0.492	0.126	0.036	6	0.4	315	314	25.1431	7.9536	2.6698	43.9784	41.3086	3.1612
sub-20259	ses-1	Schaefer2018_700Parcels_7Networks_order	lh	7Networks_LH_Default_PFC_24	301	221	615	2.448	0.606	0.136	0.025	5	0.4	316	315	28.2785	8.0048	8.0428	44.4716	36.4289	3.5327
sub-20259	ses-1	Schaefer2018_700Parcels_7Networks_order	lh	7Networks_LH_Default_PFC_25	561	401	1382	2.833	0.508	0.092	0.016	4	0.4	317	316	28.7029	7.6565	4.9637	44.0512	39.0874	3.7488
sub-20259	ses-1	Schaefer2018_700Parcels_7Networks_order	lh	7Networks_LH_Default_PFC_26	166	112	241	2.962	0.221	0.093	0.008	1	0.1	318	317	31.0674	3.2950	22.6310	37.8005	15.1695	9.4286
sub-20259	ses-1	Schaefer2018_700Parcels_7Networks_order	lh	7Networks_LH_Default_PFC_27	341	244	508	2.270	0.384	0.112	0.033	3	0.3	319	318	30.5274	9.2727	-12.1388	44.3010	56.4398	3.2922
sub-20259	ses-1	Schaefer2018_700Parcels_7Networks_order	lh	7Networks_LH_Default_PFC_28	325	230	1347	3.876	0.602	0.145	0.038	6	0.5	320	319	29.0405	7.9793	7.7490	46.2019	38.4529	3.6395
sub-20259	ses-1	Schaefer2018_700Parcels_7Networks_order	lh	7Networks_LH_Default_PFC_29	280	194	669	3.162	0.273	0.117	0.028	4	0.3	321	320	25.7824	7.9728	9.2392	45.3658	36.1265	3.2338
sub-20259	ses-1	Schaefer2018_700Parcels_7Networks_order	lh	7Networks_LH_Default_PFC_30	614	445	1393	2.808	0.562	0.119	0.025	12	0.7	322	321	30.9068	9.6965	1.7952	46.2722	44.4771	3.1874
sub-20259	ses-1	Schaefer2018_700Parcels_7Networks_order	lh	7Networks_LH_Default_PFC_31	300	219	984	3.245	0.437	0.138	0.027	5	0.4	323	322	23.4603	6.2428	4.4324	37.3510	32.9186	3.7580
sub-20259	ses-1	Schaefer2018_700Parcels_7Networks_order	lh	7Networks_LH_Default_PFC_32	464	347	1230	2.864	0.438	0.132	0.029	8	0.6	324	323	28.2188	7.7932	6.4013	42.6578	36.2565	3.6210
sub-20259	ses-1	Schaefer2018_700Parcels_7Networks_order	lh	7Networks_LH_Default_PFC_33	450	319	763	2.553	0.435	0.094	0.021	3	0.3	325	324	32.1760	7.9129	4.7534	45.1749	40.4215	4.0663
sub-20259	ses-1	Schaefer2018_700Parcels_7Networks_order	lh	7Networks_LH_Default_PFC_34	541	383	1367	3.000	0.521	0.116	0.026	5	0.6	326	325	30.3639	7.2286	14.5245	43.9409	29.4164	4.2005
sub-20259	ses-1	Schaefer2018_700Parcels_7Networks_order	lh	7Networks_LH_Default_PFC_35	326	236	961	3.304	0.598	0.123	0.032	3	0.4	327	326	26.1784	6.7149	2.5484	40.6407	38.0923	3.8985
sub-20259	ses-1	Schaefer2018_700Parcels_7Networks_order	lh	7Networks_LH_Default_PFC_36	399	303	998	3.070	0.596	0.143	0.025	6	0.4	328	327	30.7313	9.1713	5.9421	47.8003	41.8582	3.3508
sub-20259	ses-1	Schaefer2018_700Parcels_7Networks_order	lh	7Networks_LH_Default_PFC_37	234	163	561	2.839	0.535	0.120	0.028	2	0.2	329	328	19.3915	6.2056	7.8786	34.6206	26.7420	3.1248
sub-20259	ses-1	Schaefer2018_700Parcels_7Networks_order	lh	7Networks_LH_Default_pCunPCC_1	359	250	778	2.726	0.583	0.148	0.036	7	0.5	330	329	24.0303	7.9520	0.7382	39.0789	38.3407	3.0219
sub-20259	ses-1	Schaefer2018_700Parcels_7Networks_order	lh	7Networks_LH_Default_pCunPCC_2	152	100	213	3.098	0.332	0.091	0.016	0	0.1	331	330	32.1570	3.0916	18.8418	37.7107	18.8689	10.4013
sub-20259	ses-1	Schaefer2018_700Parcels_7Networks_order	lh	7Networks_LH_Default_pCunPCC_3	85	67	205	2.479	1.125	0.157	0.048	2	0.1	332	331	21.1329	9.6692	-1.2729	43.7294	45.0023	2.1856
sub-20259	ses-1	Schaefer2018_700Parcels_7Networks_order	lh	7Networks_LH_Default_pCunPCC_4	112	77	248	2.998	0.409	0.106	0.024	1	0.1	333	332	28.0386	6.2580	7.3924	41.1406	33.7482	4.4804
sub-20259	ses-1	Schaefer2018_700Parcels_7Networks_order	lh	7Networks_LH_Default_pCunPCC_5	98	67	174	2.603	0.243	0.086	0.010	0	0.1	334	333	29.7796	5.6302	14.9279	39.1044	24.1766	5.2893
sub-20259	ses-1	Schaefer2018_700Parcels_7Networks_order	lh	7Networks_LH_Default_pCunPCC_6	253	157	313	2.703	0.388	0.084	0.013	1	0.2	335	334	34.1467	3.8267	24.4832	43.8852	19.4020	8.9233
sub-20259	ses-1	Schaefer2018_700Parcels_7Networks_order	lh	7Networks_LH_Default_pCunPCC_7	400	282	1158	3.509	0.622	0.139	0.037	6	0.6	336	335	25.4239	7.8483	0.2289	43.8156	43.5867	3.2394
sub-20259	ses-1	Schaefer2018_700Parcels_7Networks_order	lh	7Networks_LH_Default_pCunPCC_8	225	153	263	1.736	0.741	0.102	0.020	3	0.2	337	336	25.8897	8.4056	-6.1699	46.3583	52.5282	3.0800
sub-20259	ses-1	Schaefer2018_700Parcels_7Networks_order	lh	7Networks_LH_Default_pCunPCC_9	108	73	299	2.951	0.285	0.097	0.018	1	0.1	338	337	31.1892	7.7999	12.2799	42.9083	30.6284	3.9987
sub-20259	ses-1	Schaefer2018_700Parcels_7Networks_order	lh	7Networks_LH_Default_pCunPCC_10	292	206	580	3.145	0.447	0.122	0.030	3	0.3	339	338	29.8485	6.4480	5.1980	40.4101	35.2121	4.6291
sub-20259	ses-1	Schaefer2018_700Parcels_7Networks_order	lh	7Networks_LH_Default_pCunPCC_11	316	205	470	2.425	0.310	0.082	0.010	1	0.2	340	339	31.4594	5.2286	8.9635	41.4401	32.4767	6.0168
sub-20259	ses-1	Schaefer2018_700Parcels_7Networks_order	lh	7Networks_LH_Default_pCunPCC_12	331	242	991	3.441	0.475	0.134	0.033	4	0.4	341	340	28.9814	8.2270	5.7391	44.1903	38.4512	3.5227
sub-20259	ses-1	Schaefer2018_700Parcels_7Networks_order	lh	7Networks_LH_Default_pCunPCC_13	51	37	128	2.446	0.967	0.178	0.051	1	0.1	342	341	19.5048	6.9318	9.0073	34.7011	25.6938	2.8138
sub-20259	ses-1	Schaefer2018_700Parcels_7Networks_order	lh	7Networks_LH_Default_pCunPCC_14	302	253	767	2.721	0.406	0.169	0.033	6	0.5	343	342	20.6079	7.7514	-5.6396	38.9113	44.5509	2.6586
sub-20259	ses-1	Schaefer2018_700Parcels_7Networks_order	lh	7Networks_LH_Default_pCunPCC_15	157	99	548	3.494	0.885	0.108	0.027	2	0.1	344	343	26.8787	6.0290	10.5708	38.8805	28.3097	4.4582
sub-20259	ses-1	Schaefer2018_700Parcels_7Networks_order	lh	7Networks_LH_Default_pCunPCC_16	187	144	677	4.038	0.671	0.145	0.046	4	0.3	345	344	25.0608	7.9141	-2.8468	37.7534	40.6001	3.1666
sub-20259	ses-1	Schaefer2018_700Parcels_7Networks_order	lh	7Networks_LH_Default_pCunPCC_17	374	262	578	2.815	0.386	0.113	0.020	2	0.4	346	345	31.2428	7.3234	5.3287	44.9078	39.5791	4.2661
sub-20259	ses-1	Schaefer2018_700Parcels_7Networks_order	lh	7Networks_LH_Default_pCunPCC_18	197	136	626	3.547	0.707	0.121	0.040	2	0.3	347	346	26.3472	8.0933	-2.5597	40.9577	43.5174	3.2554
sub-20259	ses-1	Schaefer2018_700Parcels_7Networks_order	lh	7Networks_LH_Default_pCunPCC_19	202	158	568	2.903	0.452	0.158	0.032	5	0.2	348	347	24.1261	8.8613	0.7628	42.1985	41.4357	2.7226
sub-20259	ses-1	Schaefer2018_700Parcels_7Networks_order	lh	7Networks_LH_Default_pCunPCC_20	222	151	358	3.065	0.430	0.095	0.014	1	0.1	349	348	29.9166	8.4052	-1.4828	42.0533	43.5361	3.5593
sub-20259	ses-1	Schaefer2018_700Parcels_7Networks_order	lh	7Networks_LH_Default_pCunPCC_21	250	195	872	3.345	0.683	0.147	0.042	4	0.5	350	349	26.7919	8.0690	-7.2517	45.5387	52.7904	3.3204
sub-20259	ses-1	Schaefer2018_700Parcels_7Networks_order	lh	7Networks_LH_Default_PHC_1	170	106	396	2.905	0.378	0.084	0.009	1	0.1	351	350	29.2710	3.2592	11.8888	37.2608	25.3720	8.9811
sub-20259	ses-1	Schaefer2018_700Parcels_7Networks_order	rh	Background+FreeSurfer_Defined_Medial_Wall	8969	5531	1768	0.334	0.810	0.081	0.021	74	7.0	1	0	3.7044	10.4077	-35.4978	54.7595	90.2573	0.3559
sub-20259	ses-1	Schaefer2018_700Parcels_7Networks_order	rh	7Networks_RH_Vis_1	550	372	1396	2.873	0.502	0.120	0.027	7	0.5	2	1	24.5282	6.4484	-0.1765	38.5855	38.7620	3.8038
sub-20259	ses-1	Schaefer2018_700Parcels_7Networks_order	rh	7Networks_RH_Vis_2	229	160	415	2.522	0.508	0.137	0.021	3	0.2	3	2	27.6123	5.7600	10.8424	38.2814	27.4389	4.7938
sub-20259	ses-1	Schaefer2018_700Parcels_7Networks_order	rh	7Networks_RH_Vis_3	543	350	695	2.383	0.745	0.089	0.010	3	0.3	4	3	31.0662	4.7497	16.6695	46.2186	29.5491	6.5406
sub-20259	ses-1	Schaefer2018_700Parcels_7Networks_order	rh	7Networks_RH_Vis_4	205	137	410	2.707	0.587	0.127	0.038	4	0.2	5	4	24.6116	8.3027	5.5928	39.0784	33.4856	2.9643
sub-20259	ses-1	Schaefer2018_700Parcels_7Networks_order	rh	7Networks_RH_Vis_5	555	391	1097	2.621	0.521	0.123	0.025	5	0.5	6	5	29.4516	4.8341	7.5225	41.1083	33.5858	6.0925
sub-20259	ses-1	Schaefer2018_700Parcels_7Networks_order	rh	7Networks_RH_Vis_6	160	111	411	3.157	0.334	0.138	0.035	3	0.2	7	6	26.9518	5.9612	15.0222	44.7649	29.7427	4.5212
sub-20259	ses-1	Schaefer2018_700Parcels_7Networks_order	rh	7Networks_RH_Vis_7	536	343	788	2.569	0.283	0.089	0.014	2	0.3	8	7	28.8047	5.4003	9.5939	39.1758	29.5819	5.3339
sub-20259	ses-1	Schaefer2018_700Parcels_7Networks_order	rh	7Networks_RH_Vis_8	160	111	347	3.140	0.560	0.100	0.019	1	0.1	9	8	28.6341	8.1823	0.0000	42.6687	42.6687	3.4995
sub-20259	ses-1	Schaefer2018_700Parcels_7Networks_order	rh	7Networks_RH_Vis_9	735	518	1534	2.711	0.466	0.130	0.027	10	0.8	10	9	24.7711	8.4669	-4.8928	42.0154	46.9082	2.9256
sub-20259	ses-1	Schaefer2018_700Parcels_7Networks_order	rh	7Networks_RH_Vis_10	427	328	756	2.434	0.516	0.160	0.043	8	0.7	11	10	23.0895	8.2894	3.2232	37.0148	33.7916	2.7854
sub-20259	ses-1	Schaefer2018_700Parcels_7Networks_order	rh	7Networks_RH_Vis_11	548	365	1461	3.134	0.646	0.133	0.038	11	0.8	12	11	25.1996	8.4254	1.6991	43.6520	41.9529	2.9909
sub-20259	ses-1	Schaefer2018_700Parcels_7Networks_order	rh	7Networks_RH_Vis_12	269	169	410	2.653	0.417	0.061	0.008	1	0.1	13	12	29.2553	4.1911	17.0722	36.7210	19.6488	6.9803
sub-20259	ses-1	Schaefer2018_700Parcels_7Networks_order	rh	7Networks_RH_Vis_13	316	214	392	2.274	0.441	0.118	0.026	3	0.3	14	13	27.0355	7.2218	5.2422	39.0710	33.8289	3.7436
sub-20259	ses-1	Schaefer2018_700Parcels_7Networks_order	rh	7Networks_RH_Vis_14	502	347	728	2.218	0.388	0.136	0.028	7	0.6	15	14	24.5229	6.2947	-0.0176	39.1119	39.1295	3.8958
sub-20259	ses-1	Schaefer2018_700Parcels_7Networks_order	rh	7Networks_RH_Vis_15	185	140	443	2.524	0.351	0.146	0.037	3	0.3	16	15	21.8613	8.2416	-0.7912	37.8639	38.6551	2.6526
sub-20259	ses-1	Schaefer2018_700Parcels_7Networks_order	rh	7Networks_RH_Vis_16	225	153	422	2.444	0.392	0.126	0.029	3	0.3	17	16	26.2311	6.8423	4.8067	39.4216	34.6149	3.8336
sub-20259	ses-1	Schaefer2018_700Parcels_7Networks_order	rh	7Networks_RH_Vis_17	226	149	680	3.219	0.591	0.117	0.034	4	0.3	18	17	19.2031	7.3522	0.0000	34.8686	34.8686	2.6119
sub-20259	ses-1	Schaefer2018_700Parcels_7Networks_order	rh	7Networks_RH_Vis_18	225	162	475	2.354	0.572	0.160	0.051	5	0.4	19	18	19.9954	7.8118	1.0541	37.3116	36.2575	2.5596
sub-20259	ses-1	Schaefer2018_700Parcels_7Networks_order	rh	7Networks_RH_Vis_19	404	264	896	2.878	0.555	0.123	0.033	5	0.4	20	19	22.5867	6.5259	2.3307	37.9381	35.6074	3.4611
sub-20259	ses-1	Schaefer2018_700Parcels_7Networks_order	rh	7Networks_RH_Vis_20	565	406	1043	2.474	0.680	0.159	0.044	8	1.0	21	20	20.9025	6.5540	-9.3705	37.0876	46.4581	3.1893
sub-20259	ses-1	Schaefer2018_700Parcels_7Networks_order	rh	7Networks_RH_Vis_21	361	247	766	2.706	0.388	0.114	0.020	3	0.3	22	21	27.9329	6.8980	3.4872	38.6550	35.1679	4.0494
sub-20259	ses-1	Schaefer2018_700Parcels_7Networks_order	rh	7Networks_RH_Vis_22	638	448	1060	2.167	0.519	0.149	0.042	11	1.1	23	22	22.9170	6.1736	-6.0706	40.1725	46.2431	3.7121
sub-20259	ses-1	Schaefer2018_700Parcels_7Networks_order	rh	7Networks_RH_Vis_23	376	330	861	2.161	0.537	0.189	0.053	7	1.0	24	23	14.6763	6.1660	-0.9242	36.2620	37.1861	2.3802
sub-20259	ses-1	Schaefer2018_700Parcels_7Networks_order	rh	7Networks_RH_Vis_24	203	147	331	2.307	0.445	0.137	0.030	5	0.3	25	24	20.6749	9.1628	0.0000	41.0630	41.0630	2.2564
sub-20259	ses-1	Schaefer2018_700Parcels_7Networks_order	rh	7Networks_RH_Vis_25	334	239	542	2.262	0.708	0.145	0.051	4	0.7	26	25	19.2740	6.3133	0.0675	34.7289	34.6614	3.0529
sub-20259	ses-1	Schaefer2018_700Parcels_7Networks_order	rh	7Networks_RH_Vis_26	387	259	701	2.332	0.450	0.101	0.020	4	0.3	27	26	23.8282	5.4383	11.0202	41.4317	30.4115	4.3815
sub-20259	ses-1	Schaefer2018_700Parcels_7Networks_order	rh	7Networks_RH_Vis_27	212	144	334	1.960	0.539	0.137	0.035	3	0.3	28	27	15.1232	5.2740	1.7561	28.6153	26.8592	2.8675
sub-20259	ses-1	Schaefer2018_700Parcels_7Networks_order	rh	7Networks_RH_Vis_28	419	271	619	2.397	0.494	0.071	0.009	1	0.1	29	28	25.3589	5.9498	-2.7417	41.1343	43.8759	4.2622
sub-20259	ses-1	Schaefer2018_700Parcels_7Networks_order	rh	7Networks_RH_Vis_29	229	202	426	2.015	0.632	0.156	0.036	4	0.3	30	29	15.0855	6.6379	3.4574	30.7355	27.2781	2.2726
sub-20259	ses-1	Schaefer2018_700Parcels_7Networks_order	rh	7Networks_RH_Vis_30	503	332	761	2.667	0.319	0.107	0.026	4	0.5	31	30	27.6433	6.7290	7.1384	39.2548	32.1164	4.1081
sub-20259	ses-1	Schaefer2018_700Parcels_7Networks_order	rh	7Networks_RH_Vis_31	251	159	390	2.426	0.770	0.086	0.013	1	0.2	32	31	25.6705	5.0997	8.2200	48.4688	40.2488	5.0337
sub-20259	ses-1	Schaefer2018_700Parcels_7Networks_order	rh	7Networks_RH_Vis_32	300	217	786	2.738	0.354	0.156	0.044	5	0.6	33	32	21.8475	5.3693	8.6778	35.2093	26.5316	4.0689
sub-20259	ses-1	Schaefer2018_700Parcels_7Networks_order	rh	7Networks_RH_Vis_33	126	79	198	2.352	1.111	0.085	0.027	1	0.1	34	33	25.1537	11.8918	-1.8434	43.6034	45.4468	2.1152
sub-20259	ses-1	Schaefer2018_700Parcels_7Networks_order	rh	7Networks_RH_Vis_34	556	396	785	1.973	0.348	0.127	0.034	6	0.8	35	34	21.6403	5.7797	5.3817	34.1673	28.7856	3.7442
sub-20259	ses-1	Schaefer2018_700Parcels_7Networks_order	rh	7Networks_RH_Vis_35	199	131	221	2.310	0.364	0.091	0.016	1	0.1	36	35	27.7827	4.7945	15.0788	36.6368	21.5580	5.7947
sub-20259	ses-1	Schaefer2018_700Parcels_7Networks_order	rh	7Networks_RH_Vis_36	349	259	633	2.104	0.434	0.170	0.042	6	0.6	37	36	21.1428	5.9327	6.6530	40.9391	34.2862	3.5638
sub-20259	ses-1	Schaefer2018_700Parcels_7Networks_order	rh	7Networks_RH_Vis_37	508	412	770	2.124	0.587	0.171	0.048	8	1.2	38	37	18.7225	6.6784	-6.6824	35.1400	41.8225	2.8034
sub-20259	ses-1	Schaefer2018_700Parcels_7Networks_order	rh	7Networks_RH_Vis_38	399	302	551	2.703	0.678	0.147	0.038	5	0.8	39	38	20.1336	18.2259	-45.5522	46.4186	91.9708	1.1047
sub-20259	ses-1	Schaefer2018_700Parcels_7Networks_order	rh	7Networks_RH_Vis_39	247	170	339	2.283	0.374	0.112	0.018	2	0.2	40	39	30.9571	3.5302	19.0930	40.8432	21.7502	8.7692
sub-20259	ses-1	Schaefer2018_700Parcels_7Networks_order	rh	7Networks_RH_Vis_40	591	453	834	2.220	0.666	0.137	0.031	7	0.8	41	40	18.4544	6.9580	-1.0965	36.3969	37.4933	2.6523
sub-20259	ses-1	Schaefer2018_700Parcels_7Networks_order	rh	7Networks_RH_Vis_41	478	359	572	1.888	0.704	0.145	0.046	6	0.8	42	41	17.0490	6.4247	1.1904	35.5845	34.3941	2.6537
sub-20259	ses-1	Schaefer2018_700Parcels_7Networks_order	rh	7Networks_RH_Vis_42	383	243	567	2.454	0.310	0.117	0.019	3	0.3	43	42	30.7728	5.8348	8.0117	43.7589	35.7472	5.2740
sub-20259	ses-1	Schaefer2018_700Parcels_7Networks_order	rh	7Networks_RH_Vis_43	437	300	619	2.713	0.603	0.106	0.023	3	0.4	44	43	24.4152	7.1109	-10.8186	42.6034	53.4220	3.4335
sub-20259	ses-1	Schaefer2018_700Parcels_7Networks_order	rh	7Networks_RH_Vis_44	293	208	574	2.419	0.492	0.164	0.043	4	0.5	45	44	20.1707	5.3718	8.8008	32.9228	24.1220	3.7549
sub-20259	ses-1	Schaefer2018_700Parcels_7Networks_order	rh	7Networks_RH_Vis_45	348	242	462	2.154	0.435	0.151	0.033	5	0.5	46	45	25.1233	8.8514	-1.8704	38.5352	40.4056	2.8383
sub-20259	ses-1	Schaefer2018_700Parcels_7Networks_order	rh	7Networks_RH_Vis_46	337	251	613	2.214	0.450	0.158	0.051	6	0.6	47	46	21.2213	6.5450	4.0891	35.0459	30.9568	3.2424
sub-20259	ses-1	Schaefer2018_700Parcels_7Networks_order	rh	7Networks_RH_Vis_47	546	371	747	2.054	0.320	0.136	0.027	7	0.7	48	47	24.7066	5.9253	7.0185	40.5378	33.5193	4.1697
sub-20259	ses-1	Schaefer2018_700Parcels_7Networks_order	rh	7Networks_RH_Vis_48	650	458	1458	2.648	0.508	0.131	0.030	8	0.7	49	48	25.0483	8.2696	2.3532	45.5160	43.1628	3.0290
sub-20259	ses-1	Schaefer2018_700Parcels_7Networks_order	rh	7Networks_RH_Vis_49	481	350	793	2.502	0.504	0.120	0.025	4	0.5	50	49	21.4939	5.6440	7.7111	38.3807	30.6696	3.8083
sub-20259	ses-1	Schaefer2018_700Parcels_7Networks_order	rh	7Networks_RH_Vis_50	512	350	747	2.255	0.365	0.122	0.023	4	0.6	51	50	28.8255	5.2664	11.2330	38.6068	27.3738	5.4735
sub-20259	ses-1	Schaefer2018_700Parcels_7Networks_order	rh	7Networks_RH_Vis_51	657	456	1273	2.548	0.620	0.152	0.039	10	1.0	52	51	23.4437	5.7523	6.2583	38.2244	31.9660	4.0755
sub-20259	ses-1	Schaefer2018_700Parcels_7Networks_order	rh	7Networks_RH_Vis_52	203	174	403	2.417	0.577	0.176	0.056	4	0.5	53	52	22.3759	8.5664	4.3693	37.8698	33.5005	2.6120
sub-20259	ses-1	Schaefer2018_700Parcels_7Networks_order	rh	7Networks_RH_Vis_53	364	276	724	2.503	0.402	0.127	0.021	6	0.4	54	53	24.6366	7.8341	-5.0966	37.5887	42.6852	3.1448
sub-20259	ses-1	Schaefer2018_700Parcels_7Networks_order	rh	7Networks_RH_Vis_54	382	261	916	3.002	0.851	0.162	0.051	6	0.8	55	54	23.5455	7.8992	8.0966	46.4793	38.3826	2.9807
sub-20259	ses-1	Schaefer2018_700Parcels_7Networks_order	rh	7Networks_RH_Vis_55	496	362	801	2.323	0.563	0.156	0.045	7	0.9	56	55	24.0539	6.8202	8.4478	44.4023	35.9544	3.5268
sub-20259	ses-1	Schaefer2018_700Parcels_7Networks_order	rh	7Networks_RH_Vis_56	485	352	786	2.432	0.345	0.116	0.027	6	0.5	57	56	27.4635	8.3973	-3.1939	42.3626	45.5564	3.2705
sub-20259	ses-1	Schaefer2018_700Parcels_7Networks_order	rh	7Networks_RH_Vis_57	542	363	999	2.604	0.339	0.110	0.021	5	0.5	58	57	29.0881	6.3074	11.9115	42.8357	30.9242	4.6117
sub-20259	ses-1	Schaefer2018_700Parcels_7Networks_order	rh	7Networks_RH_Vis_58	587	408	1170	2.738	0.475	0.108	0.023	5	0.5	59	58	24.1587	7.1964	5.5970	42.3007	36.7038	3.3570
sub-20259	ses-1	Schaefer2018_700Parcels_7Networks_order	rh	7Networks_RH_Vis_59	138	89	149	2.330	0.248	0.128	0.023	1	0.1	60	59	29.8216	5.8950	9.6079	40.3184	30.7105	5.0588
sub-20259	ses-1	Schaefer2018_700Parcels_7Networks_order	rh	7Networks_RH_Vis_60	436	297	894	2.751	0.592	0.147	0.039	7	0.7	61	60	21.7656	7.7062	6.1674	45.1443	38.9769	2.8244
sub-20259	ses-1	Schaefer2018_700Parcels_7Networks_order	rh	7Networks_RH_Vis_61	195	137	337	2.279	0.385	0.101	0.016	2	0.1	62	61	27.1691	6.5091	9.3429	43.7161	34.3732	4.1740
sub-20259	ses-1	Schaefer2018_700Parcels_7Networks_order	rh	7Networks_RH_Vis_62	367	246	774	2.743	0.360	0.116	0.027	4	0.5	63	62	22.5560	5.6478	7.3059	38.0186	30.7127	3.9938
sub-20259	ses-1	Schaefer2018_700Parcels_7Networks_order	rh	7Networks_RH_SomMot_1	605	380	1667	3.399	0.423	0.091	0.015	5	0.4	64	63	29.9749	6.9416	5.6419	45.5857	39.9438	4.3181
sub-20259	ses-1	Schaefer2018_700Parcels_7Networks_order	rh	7Networks_RH_SomMot_2	222	131	632	3.535	0.400	0.083	0.014	1	0.1	65	64	33.7121	4.4724	23.8163	42.9211	19.1048	7.5378
sub-20259	ses-1	Schaefer2018_700Parcels_7Networks_order	rh	7Networks_RH_SomMot_3	168	104	272	2.842	0.290	0.042	0.004	0	0.0	66	65	33.4280	2.7699	20.4742	40.6739	20.1997	12.0684
sub-20259	ses-1	Schaefer2018_700Parcels_7Networks_order	rh	7Networks_RH_SomMot_4	95	57	314	3.525	0.295	0.118	0.017	1	0.1	67	66	34.9178	5.5581	23.2444	46.5693	23.3249	6.2823
sub-20259	ses-1	Schaefer2018_700Parcels_7Networks_order	rh	7Networks_RH_SomMot_5	553	356	1281	3.098	0.388	0.108	0.020	7	0.4	68	67	32.3678	9.0957	7.1666	49.3736	42.2070	3.5586
sub-20259	ses-1	Schaefer2018_700Parcels_7Networks_order	rh	7Networks_RH_SomMot_6	889	618	1876	2.979	0.738	0.119	0.020	11	0.7	69	68	27.0217	7.6998	-6.6124	42.3866	48.9991	3.5094
sub-20259	ses-1	Schaefer2018_700Parcels_7Networks_order	rh	7Networks_RH_SomMot_7	132	85	416	3.157	0.257	0.122	0.033	2	0.2	70	69	24.8944	7.0187	5.7165	44.0284	38.3120	3.5469
sub-20259	ses-1	Schaefer2018_700Parcels_7Networks_order	rh	7Networks_RH_SomMot_8	243	155	362	3.073	0.416	0.082	0.008	1	0.1	71	70	31.6937	3.7204	17.2268	38.4803	21.2534	8.5190
sub-20259	ses-1	Schaefer2018_700Parcels_7Networks_order	rh	7Networks_RH_SomMot_9	163	117	396	3.487	0.524	0.145	0.030	2	0.2	72	71	25.1185	6.7236	10.3510	37.6668	27.3158	3.7359
sub-20259	ses-1	Schaefer2018_700Parcels_7Networks_order	rh	7Networks_RH_SomMot_10	162	91	379	3.188	0.414	0.088	0.018	1	0.1	73	72	28.7002	7.8895	15.3266	41.5747	26.2481	3.6378
sub-20259	ses-1	Schaefer2018_700Parcels_7Networks_order	rh	7Networks_RH_SomMot_11	234	151	435	3.307	0.393	0.106	0.015	3	0.1	74	73	28.9726	5.5909	9.2520	38.7006	29.4486	5.1821
sub-20259	ses-1	Schaefer2018_700Parcels_7Networks_order	rh	7Networks_RH_SomMot_12	239	159	351	2.843	0.306	0.122	0.023	2	0.3	75	74	31.1488	5.5005	13.7829	39.2566	25.4737	5.6629
sub-20259	ses-1	Schaefer2018_700Parcels_7Networks_order	rh	7Networks_RH_SomMot_13	523	335	1169	3.143	0.463	0.080	0.010	3	0.2	76	75	27.5203	4.8261	15.8124	43.8347	28.0223	5.7024
sub-20259	ses-1	Schaefer2018_700Parcels_7Networks_order	rh	7Networks_RH_SomMot_14	164	106	253	2.923	0.505	0.092	0.011	1	0.1	77	76	26.9451	4.1695	15.3379	36.0427	20.7048	6.4625
sub-20259	ses-1	Schaefer2018_700Parcels_7Networks_order	rh	7Networks_RH_SomMot_15	375	217	895	2.972	0.435	0.100	0.017	4	0.4	78	77	27.9621	5.9863	7.2783	41.8207	34.5425	4.6710
sub-20259	ses-1	Schaefer2018_700Parcels_7Networks_order	rh	7Networks_RH_SomMot_16	128	81	168	3.119	0.432	0.094	0.014	0	0.1	79	78	32.9461	3.4044	25.7091	40.5226	14.8135	9.6775
sub-20259	ses-1	Schaefer2018_700Parcels_7Networks_order	rh	7Networks_RH_SomMot_17	232	155	378	3.071	0.517	0.115	0.018	1	0.2	80	79	31.6859	5.6525	11.0014	38.7356	27.7342	5.6056
sub-20259	ses-1	Schaefer2018_700Parcels_7Networks_order	rh	7Networks_RH_SomMot_18	266	187	627	3.352	0.743	0.143	0.025	4	0.3	81	80	31.9672	9.0002	10.7468	45.0694	34.3226	3.5518
sub-20259	ses-1	Schaefer2018_700Parcels_7Networks_order	rh	7Networks_RH_SomMot_19	403	265	697	3.186	0.533	0.097	0.016	2	0.3	82	81	32.2534	3.8166	18.6657	40.2075	21.5418	8.4509
sub-20259	ses-1	Schaefer2018_700Parcels_7Networks_order	rh	7Networks_RH_SomMot_20	155	111	464	3.892	0.433	0.154	0.034	2	0.3	83	82	27.8470	7.9871	13.0389	47.4098	34.3709	3.4865
sub-20259	ses-1	Schaefer2018_700Parcels_7Networks_order	rh	7Networks_RH_SomMot_21	227	157	675	3.169	0.440	0.151	0.036	4	0.3	84	83	24.5441	7.0560	8.4589	40.9918	32.5329	3.4785
sub-20259	ses-1	Schaefer2018_700Parcels_7Networks_order	rh	7Networks_RH_SomMot_22	283	206	717	3.530	0.469	0.127	0.022	3	0.3	85	84	34.9448	6.7198	9.8463	48.4398	38.5935	5.2003
sub-20259	ses-1	Schaefer2018_700Parcels_7Networks_order	rh	7Networks_RH_SomMot_23	286	199	694	3.065	0.547	0.101	0.012	2	0.2	86	85	30.4542	5.1117	9.9567	38.9696	29.0129	5.9577
sub-20259	ses-1	Schaefer2018_700Parcels_7Networks_order	rh	7Networks_RH_SomMot_24	308	207	815	2.941	0.569	0.122	0.033	4	0.4	87	86	23.0977	5.8320	8.0140	36.7576	28.7435	3.9605
sub-20259	ses-1	Schaefer2018_700Parcels_7Networks_order	rh	7Networks_RH_SomMot_25	254	167	295	2.349	0.301	0.095	0.016	1	0.1	88	87	27.8477	4.6593	11.1982	34.9671	23.7689	5.9768
sub-20259	ses-1	Schaefer2018_700Parcels_7Networks_order	rh	7Networks_RH_SomMot_26	73	47	224	3.477	0.393	0.135	0.025	2	0.0	89	88	22.7305	5.5848	8.7949	35.5807	26.7858	4.0701
sub-20259	ses-1	Schaefer2018_700Parcels_7Networks_order	rh	7Networks_RH_SomMot_27	190	132	516	3.126	0.411	0.106	0.020	2	0.2	90	89	27.4344	6.8184	12.7274	42.2874	29.5601	4.0236
sub-20259	ses-1	Schaefer2018_700Parcels_7Networks_order	rh	7Networks_RH_SomMot_28	306	199	401	1.864	0.444	0.060	0.010	1	0.1	91	90	24.5586	4.3483	9.4170	32.3613	22.9443	5.6479
sub-20259	ses-1	Schaefer2018_700Parcels_7Networks_order	rh	7Networks_RH_SomMot_29	295	182	438	2.684	0.342	0.074	0.007	1	0.1	92	91	27.4582	3.6882	18.6369	37.3023	18.6654	7.4448
sub-20259	ses-1	Schaefer2018_700Parcels_7Networks_order	rh	7Networks_RH_SomMot_30	500	314	850	2.715	0.449	0.092	0.017	3	0.4	93	92	29.8526	7.0922	7.4760	43.3806	35.9045	4.2092
sub-20259	ses-1	Schaefer2018_700Parcels_7Networks_order	rh	7Networks_RH_SomMot_31	169	115	409	2.727	0.352	0.100	0.027	2	0.2	94	93	23.2643	7.1944	6.0275	38.8662	32.8387	3.2337
sub-20259	ses-1	Schaefer2018_700Parcels_7Networks_order	rh	7Networks_RH_SomMot_32	311	229	607	2.913	0.474	0.144	0.035	5	0.5	95	94	29.0029	7.3379	5.5580	43.6347	38.0767	3.9525
sub-20259	ses-1	Schaefer2018_700Parcels_7Networks_order	rh	7Networks_RH_SomMot_33	391	254	530	1.863	0.317	0.143	0.029	5	0.6	96	95	21.1196	4.5559	7.5163	30.6666	23.1503	4.6357
sub-20259	ses-1	Schaefer2018_700Parcels_7Networks_order	rh	7Networks_RH_SomMot_34	123	84	131	2.261	0.416	0.146	0.029	1	0.2	97	96	28.3786	4.8457	14.6646	39.2506	24.5860	5.8565
sub-20259	ses-1	Schaefer2018_700Parcels_7Networks_order	rh	7Networks_RH_SomMot_35	155	100	231	2.685	0.361	0.050	0.005	0	0.0	98	97	26.2667	4.5251	18.0596	36.7394	18.6798	5.8046
sub-20259	ses-1	Schaefer2018_700Parcels_7Networks_order	rh	7Networks_RH_SomMot_36	436	292	841	2.614	0.396	0.112	0.018	4	0.3	99	98	27.8734	5.3337	11.6128	40.9683	29.3555	5.2259
sub-20259	ses-1	Schaefer2018_700Parcels_7Networks_order	rh	7Networks_RH_SomMot_37	409	277	976	3.020	0.381	0.134	0.036	6	0.6	100	99	24.3721	6.0109	4.6029	39.0435	34.4406	4.0547
sub-20259	ses-1	Schaefer2018_700Parcels_7Networks_order	rh	7Networks_RH_SomMot_38	545	384	1521	3.176	0.841	0.106	0.026	4	0.5	101	100	25.6045	7.0852	-6.9133	43.4406	50.3538	3.6138
sub-20259	ses-1	Schaefer2018_700Parcels_7Networks_order	rh	7Networks_RH_SomMot_39	285	195	264	1.694	0.487	0.118	0.037	2	0.3	102	101	21.0531	5.0110	5.8235	32.3052	26.4816	4.2014
sub-20259	ses-1	Schaefer2018_700Parcels_7Networks_order	rh	7Networks_RH_SomMot_40	201	135	364	3.121	0.414	0.096	0.020	1	0.1	103	102	30.8630	5.0078	17.3088	41.8178	24.5090	6.1630
sub-20259	ses-1	Schaefer2018_700Parcels_7Networks_order	rh	7Networks_RH_SomMot_41	395	273	672	2.139	0.568	0.124	0.048	9	0.5	104	103	19.7022	7.7719	-9.9274	34.8880	44.8153	2.5351
sub-20259	ses-1	Schaefer2018_700Parcels_7Networks_order	rh	7Networks_RH_SomMot_42	411	262	748	2.428	0.860	0.138	0.051	7	0.9	105	104	17.2908	7.9939	-8.4099	38.8789	47.2888	2.1630
sub-20259	ses-1	Schaefer2018_700Parcels_7Networks_order	rh	7Networks_RH_SomMot_43	331	248	614	2.410	0.497	0.129	0.026	7	0.3	106	105	25.8678	7.3296	3.6720	36.8381	33.1660	3.5292
sub-20259	ses-1	Schaefer2018_700Parcels_7Networks_order	rh	7Networks_RH_SomMot_44	500	347	950	2.579	0.372	0.120	0.022	6	0.5	107	106	23.6107	7.7550	1.1770	43.6894	42.5124	3.0446
sub-20259	ses-1	Schaefer2018_700Parcels_7Networks_order	rh	7Networks_RH_SomMot_45	309	201	345	2.008	0.342	0.096	0.021	2	0.2	108	107	24.9914	3.6976	12.8171	34.8211	22.0040	6.7587
sub-20259	ses-1	Schaefer2018_700Parcels_7Networks_order	rh	7Networks_RH_SomMot_46	330	239	800	2.418	0.687	0.146	0.037	6	0.5	109	108	22.9454	7.4469	-0.0402	38.0949	38.1351	3.0812
sub-20259	ses-1	Schaefer2018_700Parcels_7Networks_order	rh	7Networks_RH_SomMot_47	164	109	279	2.388	0.318	0.077	0.010	1	0.0	110	109	25.9823	4.8580	11.6860	39.6415	27.9556	5.3483
sub-20259	ses-1	Schaefer2018_700Parcels_7Networks_order	rh	7Networks_RH_SomMot_48	630	438	1403	2.859	0.519	0.107	0.030	4	0.7	111	110	19.4827	7.6170	-0.8553	36.0034	36.8587	2.5578
sub-20259	ses-1	Schaefer2018_700Parcels_7Networks_order	rh	7Networks_RH_SomMot_49	509	348	1027	3.144	0.572	0.124	0.024	5	0.5	112	111	23.9871	6.0162	9.0905	40.1548	31.0644	3.9871
sub-20259	ses-1	Schaefer2018_700Parcels_7Networks_order	rh	7Networks_RH_SomMot_50	722	483	1843	3.620	0.678	0.122	0.028	8	0.9	113	112	24.2013	6.7241	5.1425	39.9948	34.8523	3.5992
sub-20259	ses-1	Schaefer2018_700Parcels_7Networks_order	rh	7Networks_RH_SomMot_51	296	215	342	1.647	0.343	0.104	0.018	2	0.2	114	113	20.0823	7.1901	4.3958	36.9538	32.5580	2.7931
sub-20259	ses-1	Schaefer2018_700Parcels_7Networks_order	rh	7Networks_RH_SomMot_52	459	346	848	2.303	0.485	0.137	0.027	5	0.7	115	114	23.8707	7.8131	0.4318	43.4995	43.0677	3.0552
sub-20259	ses-1	Schaefer2018_700Parcels_7Networks_order	rh	7Networks_RH_SomMot_53	185	128	283	2.356	0.349	0.115	0.024	2	0.1	116	115	27.6740	7.8248	-2.6849	37.9183	40.6032	3.5367
sub-20259	ses-1	Schaefer2018_700Parcels_7Networks_order	rh	7Networks_RH_SomMot_54	104	77	297	3.509	1.207	0.127	0.050	1	0.3	117	116	24.0152	11.7979	-11.4077	38.0974	49.5051	2.0356
sub-20259	ses-1	Schaefer2018_700Parcels_7Networks_order	rh	7Networks_RH_SomMot_55	302	217	565	2.558	0.361	0.110	0.020	2	0.3	118	117	33.5837	4.9685	15.3844	44.4264	29.0420	6.7593
sub-20259	ses-1	Schaefer2018_700Parcels_7Networks_order	rh	7Networks_RH_SomMot_56	373	282	491	1.908	0.637	0.138	0.033	4	0.5	119	118	20.7432	7.9943	2.2003	36.5898	34.3895	2.5947
sub-20259	ses-1	Schaefer2018_700Parcels_7Networks_order	rh	7Networks_RH_SomMot_57	409	278	903	2.576	0.523	0.125	0.022	5	0.4	120	119	25.8741	5.8981	5.8437	39.1670	33.3233	4.3868
sub-20259	ses-1	Schaefer2018_700Parcels_7Networks_order	rh	7Networks_RH_SomMot_58	360	255	628	2.647	0.380	0.126	0.027	4	0.4	121	120	20.4585	7.5620	4.9985	35.6858	30.6873	2.7054
sub-20259	ses-1	Schaefer2018_700Parcels_7Networks_order	rh	7Networks_RH_SomMot_59	312	182	773	3.186	0.366	0.105	0.023	3	0.3	122	121	22.8360	4.1096	12.3755	38.4250	26.0495	5.5568
sub-20259	ses-1	Schaefer2018_700Parcels_7Networks_order	rh	7Networks_RH_SomMot_60	298	211	638	2.834	0.627	0.121	0.030	4	0.3	123	122	25.5087	7.4564	6.3488	45.1392	38.7904	3.4211
sub-20259	ses-1	Schaefer2018_700Parcels_7Networks_order	rh	7Networks_RH_SomMot_61	244	168	754	3.563	0.718	0.152	0.039	3	0.4	124	123	22.3413	4.5024	5.8293	31.4907	25.6614	4.9620
sub-20259	ses-1	Schaefer2018_700Parcels_7Networks_order	rh	7Networks_RH_SomMot_62	341	231	576	2.555	0.551	0.098	0.016	2	0.2	125	124	27.4912	4.0949	9.1842	37.4627	28.2785	6.7136
sub-20259	ses-1	Schaefer2018_700Parcels_7Networks_order	rh	7Networks_RH_SomMot_63	487	337	667	1.939	0.477	0.127	0.025	6	0.6	126	125	20.3073	5.9012	-1.2813	32.7671	34.0484	3.4412
sub-20259	ses-1	Schaefer2018_700Parcels_7Networks_order	rh	7Networks_RH_SomMot_64	60	38	151	2.882	0.692	0.120	0.032	1	0.0	127	126	24.6971	5.4258	13.5173	36.1726	22.6553	4.5518
sub-20259	ses-1	Schaefer2018_700Parcels_7Networks_order	rh	7Networks_RH_DorsAttn_Post_1	411	275	738	2.885	0.439	0.099	0.016	4	0.3	128	127	31.9457	6.6115	5.6777	40.9653	35.2876	4.8318
sub-20259	ses-1	Schaefer2018_700Parcels_7Networks_order	rh	7Networks_RH_DorsAttn_Post_2	328	247	808	2.902	0.556	0.120	0.035	5	0.3	129	128	23.9550	9.0248	-1.3840	44.0737	45.4577	2.6544
sub-20259	ses-1	Schaefer2018_700Parcels_7Networks_order	rh	7Networks_RH_DorsAttn_Post_3	525	375	1699	3.285	0.712	0.119	0.025	7	0.5	130	129	24.5372	6.7311	-0.5790	41.8065	42.3854	3.6454
sub-20259	ses-1	Schaefer2018_700Parcels_7Networks_order	rh	7Networks_RH_DorsAttn_Post_4	490	329	1071	3.179	0.641	0.117	0.020	5	0.5	131	130	29.6828	6.9999	3.5640	43.0858	39.5218	4.2405
sub-20259	ses-1	Schaefer2018_700Parcels_7Networks_order	rh	7Networks_RH_DorsAttn_Post_5	295	195	681	3.025	0.986	0.099	0.016	2	0.2	132	131	30.5231	5.2806	16.3267	44.9274	28.6007	5.7802
sub-20259	ses-1	Schaefer2018_700Parcels_7Networks_order	rh	7Networks_RH_DorsAttn_Post_6	562	422	1470	2.693	0.537	0.141	0.038	12	0.8	133	132	18.5399	7.4528	-6.6480	38.7932	45.4413	2.4876
sub-20259	ses-1	Schaefer2018_700Parcels_7Networks_order	rh	7Networks_RH_DorsAttn_Post_7	367	245	545	2.780	0.575	0.105	0.026	3	0.3	134	133	28.4530	6.1395	9.5599	38.4935	28.9336	4.6344
sub-20259	ses-1	Schaefer2018_700Parcels_7Networks_order	rh	7Networks_RH_DorsAttn_Post_8	230	159	344	2.217	0.490	0.144	0.036	3	0.3	135	134	23.4406	9.0096	-7.5222	45.6558	53.1780	2.6017
sub-20259	ses-1	Schaefer2018_700Parcels_7Networks_order	rh	7Networks_RH_DorsAttn_Post_9	489	333	1276	2.902	0.388	0.124	0.032	8	0.4	136	135	23.2802	7.3105	2.1293	40.2486	38.1194	3.1845
sub-20259	ses-1	Schaefer2018_700Parcels_7Networks_order	rh	7Networks_RH_DorsAttn_Post_10	146	99	348	3.054	0.349	0.153	0.054	3	0.3	137	136	22.2689	5.9590	8.5955	34.7560	26.1606	3.7370
sub-20259	ses-1	Schaefer2018_700Parcels_7Networks_order	rh	7Networks_RH_DorsAttn_Post_11	212	145	483	2.778	0.319	0.087	0.018	3	0.2	138	137	26.3148	8.0149	-0.6407	41.3803	42.0210	3.2832
sub-20259	ses-1	Schaefer2018_700Parcels_7Networks_order	rh	7Networks_RH_DorsAttn_Post_12	146	90	178	2.757	0.350	0.075	0.014	1	0.1	139	138	37.0686	2.9885	27.5480	43.6222	16.0742	12.4037
sub-20259	ses-1	Schaefer2018_700Parcels_7Networks_order	rh	7Networks_RH_DorsAttn_Post_13	426	281	544	2.334	0.301	0.109	0.019	3	0.4	140	139	30.1111	5.9259	9.4064	40.1188	30.7124	5.0812
sub-20259	ses-1	Schaefer2018_700Parcels_7Networks_order	rh	7Networks_RH_DorsAttn_Post_14	357	225	494	2.530	0.392	0.074	0.007	1	0.1	141	140	31.6337	4.5259	21.5400	42.4894	20.9494	6.9895
sub-20259	ses-1	Schaefer2018_700Parcels_7Networks_order	rh	7Networks_RH_DorsAttn_Post_15	281	182	473	2.662	0.571	0.086	0.015	1	0.2	142	141	25.4386	7.7448	11.2901	40.7935	29.5035	3.2846
sub-20259	ses-1	Schaefer2018_700Parcels_7Networks_order	rh	7Networks_RH_DorsAttn_Post_16	224	154	445	2.349	0.453	0.129	0.024	3	0.2	143	142	23.6133	7.9801	-3.5044	45.4067	48.9111	2.9590
sub-20259	ses-1	Schaefer2018_700Parcels_7Networks_order	rh	7Networks_RH_DorsAttn_Post_17	280	198	438	2.597	0.500	0.105	0.020	3	0.2	144	143	30.5505	8.6151	6.2317	43.8870	37.6553	3.5462
sub-20259	ses-1	Schaefer2018_700Parcels_7Networks_order	rh	7Networks_RH_DorsAttn_Post_18	240	155	307	2.583	0.316	0.137	0.026	3	0.3	145	144	32.5712	4.8793	21.6410	43.0446	21.4036	6.6754
sub-20259	ses-1	Schaefer2018_700Parcels_7Networks_order	rh	7Networks_RH_DorsAttn_Post_19	125	96	272	2.373	0.451	0.117	0.025	2	0.1	146	145	24.2101	8.8389	-7.4393	35.5803	43.0197	2.7390
sub-20259	ses-1	Schaefer2018_700Parcels_7Networks_order	rh	7Networks_RH_DorsAttn_Post_20	529	333	649	2.340	0.337	0.091	0.015	3	0.3	147	146	29.9932	4.2092	0.2971	39.6129	39.3158	7.1256
sub-20259	ses-1	Schaefer2018_700Parcels_7Networks_order	rh	7Networks_RH_DorsAttn_Post_21	402	277	712	2.403	0.365	0.120	0.019	5	0.4	148	147	25.6395	7.6558	5.7826	43.7095	37.9269	3.3490
sub-20259	ses-1	Schaefer2018_700Parcels_7Networks_order	rh	7Networks_RH_DorsAttn_Post_22	334	212	407	2.498	0.416	0.082	0.017	1	0.2	149	148	30.9292	5.2445	19.5024	43.9026	24.4002	5.8975
sub-20259	ses-1	Schaefer2018_700Parcels_7Networks_order	rh	7Networks_RH_DorsAttn_Post_23	294	200	616	2.825	0.234	0.123	0.022	3	0.3	150	149	27.2636	6.2956	10.9004	39.4518	28.5514	4.3306
sub-20259	ses-1	Schaefer2018_700Parcels_7Networks_order	rh	7Networks_RH_DorsAttn_Post_24	347	244	600	2.655	0.414	0.135	0.028	4	0.4	151	150	30.5027	7.9234	-9.9058	48.4711	58.3769	3.8497
sub-20259	ses-1	Schaefer2018_700Parcels_7Networks_order	rh	7Networks_RH_DorsAttn_Post_25	256	205	770	2.890	0.454	0.165	0.043	8	0.3	152	151	21.5837	6.9345	0.9843	34.6958	33.7115	3.1125
sub-20259	ses-1	Schaefer2018_700Parcels_7Networks_order	rh	7Networks_RH_DorsAttn_Post_26	198	153	585	3.190	0.432	0.144	0.040	4	0.3	153	152	23.4064	8.1479	7.1081	37.9598	30.8517	2.8727
sub-20259	ses-1	Schaefer2018_700Parcels_7Networks_order	rh	7Networks_RH_DorsAttn_Post_27	261	182	477	2.472	0.241	0.086	0.010	1	0.1	154	153	29.3758	5.2107	11.2372	39.8705	28.6333	5.6376
sub-20259	ses-1	Schaefer2018_700Parcels_7Networks_order	rh	7Networks_RH_DorsAttn_Post_28	65	45	165	2.955	0.345	0.134	0.063	1	0.1	155	154	24.2125	6.8589	8.2712	37.9669	29.6958	3.5301
sub-20259	ses-1	Schaefer2018_700Parcels_7Networks_order	rh	7Networks_RH_DorsAttn_Post_29	567	392	1408	2.776	0.610	0.115	0.025	6	0.6	156	155	25.9771	6.8211	4.2548	41.5383	37.2835	3.8083
sub-20259	ses-1	Schaefer2018_700Parcels_7Networks_order	rh	7Networks_RH_DorsAttn_Post_30	108	79	319	3.514	0.486	0.120	0.022	1	0.1	157	156	32.9168	6.5397	14.6484	45.3884	30.7401	5.0334
sub-20259	ses-1	Schaefer2018_700Parcels_7Networks_order	rh	7Networks_RH_DorsAttn_Post_31	238	145	592	2.995	0.588	0.090	0.016	2	0.2	158	157	31.1166	4.8842	11.2438	44.6892	33.4454	6.3709
sub-20259	ses-1	Schaefer2018_700Parcels_7Networks_order	rh	7Networks_RH_DorsAttn_Post_32	115	98	424	3.219	0.419	0.153	0.045	3	0.2	159	158	25.0993	10.0687	-8.3942	39.4250	47.8192	2.4928
sub-20259	ses-1	Schaefer2018_700Parcels_7Networks_order	rh	7Networks_RH_DorsAttn_Post_33	216	140	725	3.491	0.653	0.127	0.028	3	0.2	160	159	30.8019	7.0029	13.3558	45.0781	31.7223	4.3984
sub-20259	ses-1	Schaefer2018_700Parcels_7Networks_order	rh	7Networks_RH_DorsAttn_Post_34	190	143	707	3.487	0.548	0.137	0.033	3	0.2	161	160	22.7214	5.9927	5.2338	36.4504	31.2166	3.7915
sub-20259	ses-1	Schaefer2018_700Parcels_7Networks_order	rh	7Networks_RH_DorsAttn_Post_35	498	346	1089	2.963	0.626	0.112	0.024	5	0.5	162	161	28.0218	7.4688	5.3273	43.9545	38.6272	3.7518
sub-20259	ses-1	Schaefer2018_700Parcels_7Networks_order	rh	7Networks_RH_DorsAttn_Post_36	217	152	542	2.719	0.610	0.115	0.024	2	0.2	163	162	27.0788	5.9374	14.1604	44.7226	30.5622	4.5607
sub-20259	ses-1	Schaefer2018_700Parcels_7Networks_order	rh	7Networks_RH_DorsAttn_FEF_1	529	349	913	2.914	0.424	0.092	0.012	2	0.4	164	163	32.2275	4.5140	18.6260	41.7166	23.0905	7.1395
sub-20259	ses-1	Schaefer2018_700Parcels_7Networks_order	rh	7Networks_RH_DorsAttn_FEF_2	299	220	549	2.259	0.348	0.099	0.019	4	0.2	165	164	25.2996	9.3252	-2.4984	46.4200	48.9184	2.7130
sub-20259	ses-1	Schaefer2018_700Parcels_7Networks_order	rh	7Networks_RH_DorsAttn_FEF_3	282	184	354	2.547	0.222	0.093	0.013	1	0.2	166	165	35.8638	4.7475	21.6729	44.1859	22.5130	7.5543
sub-20259	ses-1	Schaefer2018_700Parcels_7Networks_order	rh	7Networks_RH_DorsAttn_FEF_4	419	297	836	2.577	0.499	0.125	0.021	6	0.3	167	166	25.4977	6.7031	6.8383	38.9269	32.0886	3.8039
sub-20259	ses-1	Schaefer2018_700Parcels_7Networks_order	rh	7Networks_RH_DorsAttn_FEF_5	357	230	478	3.022	0.578	0.089	0.012	1	0.2	168	167	34.5458	2.9560	24.7521	42.5571	17.8050	11.6868
sub-20259	ses-1	Schaefer2018_700Parcels_7Networks_order	rh	7Networks_RH_DorsAttn_FEF_6	355	247	774	2.767	0.547	0.092	0.020	3	0.3	169	168	30.6686	8.2368	6.8787	42.9208	36.0421	3.7233
sub-20259	ses-1	Schaefer2018_700Parcels_7Networks_order	rh	7Networks_RH_DorsAttn_PrCv_1	330	214	444	2.823	0.259	0.105	0.023	2	0.3	170	169	36.8302	5.0121	18.4217	45.2559	26.8341	7.3482
sub-20259	ses-1	Schaefer2018_700Parcels_7Networks_order	rh	7Networks_RH_DorsAttn_PrCv_2	333	225	783	3.028	0.458	0.080	0.013	4	0.2	171	170	30.8779	7.6094	6.8859	41.5438	34.6579	4.0579
sub-20259	ses-1	Schaefer2018_700Parcels_7Networks_order	rh	7Networks_RH_SalVentAttn_TempOccPar_1	272	170	526	3.065	0.375	0.091	0.020	2	0.1	172	171	30.9120	5.1190	16.8337	42.4917	25.6579	6.0387
sub-20259	ses-1	Schaefer2018_700Parcels_7Networks_order	rh	7Networks_RH_SalVentAttn_TempOccPar_2	460	286	619	2.745	0.394	0.080	0.012	2	0.3	173	172	32.3025	5.1265	18.6619	45.4321	26.7702	6.3011
sub-20259	ses-1	Schaefer2018_700Parcels_7Networks_order	rh	7Networks_RH_SalVentAttn_TempOccPar_3	429	280	590	2.565	0.356	0.099	0.014	2	0.3	174	173	29.1714	5.1795	10.8605	38.8761	28.0156	5.6321
sub-20259	ses-1	Schaefer2018_700Parcels_7Networks_order	rh	7Networks_RH_SalVentAttn_TempOccPar_4	250	162	477	2.985	0.421	0.108	0.015	2	0.2	175	174	34.6991	6.4208	12.0911	47.1504	35.0594	5.4042
sub-20259	ses-1	Schaefer2018_700Parcels_7Networks_order	rh	7Networks_RH_SalVentAttn_TempOccPar_5	278	188	639	3.439	0.533	0.132	0.028	4	0.3	176	175	27.2054	7.4226	10.5699	42.8437	32.2737	3.6652
sub-20259	ses-1	Schaefer2018_700Parcels_7Networks_order	rh	7Networks_RH_SalVentAttn_TempOccPar_6	301	188	478	3.205	0.398	0.075	0.012	1	0.1	177	176	33.7132	4.3808	19.1731	44.2459	25.0728	7.6956
sub-20259	ses-1	Schaefer2018_700Parcels_7Networks_order	rh	7Networks_RH_SalVentAttn_TempOccPar_7	249	169	755	3.603	0.697	0.133	0.030	4	0.3	178	177	23.5100	9.3449	5.7988	45.6593	39.8604	2.5158
sub-20259	ses-1	Schaefer2018_700Parcels_7Networks_order	rh	7Networks_RH_SalVentAttn_TempOccPar_8	209	147	576	3.210	0.609	0.119	0.029	3	0.2	179	178	26.9931	8.7237	4.2387	49.8259	45.5873	3.0942
sub-20259	ses-1	Schaefer2018_700Parcels_7Networks_order	rh	7Networks_RH_SalVentAttn_TempOccPar_9	417	282	694	2.729	0.401	0.092	0.011	4	0.2	180	179	32.5617	7.9071	3.1563	46.1357	42.9794	4.1180
sub-20259	ses-1	Schaefer2018_700Parcels_7Networks_order	rh	7Networks_RH_SalVentAttn_TempOccPar_10	390	258	923	3.208	0.428	0.130	0.031	6	0.5	181	180	29.1347	7.7294	9.5494	41.0989	31.5494	3.7694
sub-20259	ses-1	Schaefer2018_700Parcels_7Networks_order	rh	7Networks_RH_SalVentAttn_TempOccPar_11	291	210	795	2.958	0.360	0.153	0.031	7	0.5	182	181	27.3231	8.9354	-10.0187	40.6733	50.6920	3.0578
sub-20259	ses-1	Schaefer2018_700Parcels_7Networks_order	rh	7Networks_RH_SalVentAttn_TempOccPar_12	217	136	581	3.050	0.588	0.141	0.038	5	0.3	183	182	20.1296	7.1362	5.2972	42.4917	37.1945	2.8208
sub-20259	ses-1	Schaefer2018_700Parcels_7Networks_order	rh	7Networks_RH_SalVentAttn_PrC_1	459	328	1041	2.882	0.362	0.112	0.022	5	0.3	184	183	29.0721	8.3109	0.5522	48.4695	47.9173	3.4981
sub-20259	ses-1	Schaefer2018_700Parcels_7Networks_order	rh	7Networks_RH_SalVentAttn_FrOperIns_1	358	221	680	3.369	1.004	0.082	0.031	3	0.4	185	184	24.9808	7.3204	-26.2416	42.6362	68.8778	3.4125
sub-20259	ses-1	Schaefer2018_700Parcels_7Networks_order	rh	7Networks_RH_SalVentAttn_FrOperIns_2	344	211	615	3.449	0.553	0.063	0.013	1	0.1	186	185	27.2551	8.8272	4.3581	41.1066	36.7485	3.0876
sub-20259	ses-1	Schaefer2018_700Parcels_7Networks_order	rh	7Networks_RH_SalVentAttn_FrOperIns_3	281	206	1067	4.345	0.427	0.130	0.032	3	0.3	187	186	18.1180	7.4545	-11.4275	38.3433	49.7709	2.4305
sub-20259	ses-1	Schaefer2018_700Parcels_7Networks_order	rh	7Networks_RH_SalVentAttn_FrOperIns_4	395	254	885	3.539	0.565	0.111	0.026	4	0.4	188	187	23.0551	9.1038	2.9502	39.8318	36.8816	2.5325
sub-20259	ses-1	Schaefer2018_700Parcels_7Networks_order	rh	7Networks_RH_SalVentAttn_FrOperIns_5	291	210	714	3.643	0.453	0.116	0.018	2	0.2	189	188	25.6303	5.6589	9.3294	40.4501	31.1207	4.5292
sub-20259	ses-1	Schaefer2018_700Parcels_7Networks_order	rh	7Networks_RH_SalVentAttn_FrOperIns_6	689	443	1082	2.996	0.459	0.092	0.014	3	0.5	190	189	34.4465	4.2003	16.7773	42.5733	25.7960	8.2010
sub-20259	ses-1	Schaefer2018_700Parcels_7Networks_order	rh	7Networks_RH_SalVentAttn_FrOperIns_7	263	167	375	2.975	0.246	0.109	0.025	1	0.2	191	190	31.5398	4.0280	22.3181	43.1419	20.8237	7.8302
sub-20259	ses-1	Schaefer2018_700Parcels_7Networks_order	rh	7Networks_RH_SalVentAttn_FrOperIns_8	293	203	700	3.139	0.326	0.114	0.017	4	0.2	192	191	31.7084	7.0773	-2.4876	42.7160	45.2036	4.4803
sub-20259	ses-1	Schaefer2018_700Parcels_7Networks_order	rh	7Networks_RH_SalVentAttn_FrOperIns_9	197	155	597	2.863	0.429	0.111	0.027	8	0.1	193	192	22.8487	10.0823	-5.4579	45.0588	50.5167	2.2662
sub-20259	ses-1	Schaefer2018_700Parcels_7Networks_order	rh	7Networks_RH_SalVentAttn_FrOperIns_10	441	316	1272	3.212	0.382	0.134	0.026	7	0.4	194	193	27.2252	7.9140	5.5349	42.6448	37.1099	3.4401
sub-20259	ses-1	Schaefer2018_700Parcels_7Networks_order	rh	7Networks_RH_SalVentAttn_FrOperIns_11	206	166	431	2.772	0.390	0.157	0.024	4	0.2	195	194	29.1365	7.2746	8.6401	45.2720	36.6319	4.0052
sub-20259	ses-1	Schaefer2018_700Parcels_7Networks_order	rh	7Networks_RH_SalVentAttn_FrOperIns_12	310	216	517	2.931	0.389	0.097	0.015	1	0.2	196	195	37.0726	4.3180	19.1393	47.6239	28.4847	8.5856
sub-20259	ses-1	Schaefer2018_700Parcels_7Networks_order	rh	7Networks_RH_SalVentAttn_FrOperIns_13	260	168	628	3.102	0.375	0.097	0.020	3	0.2	197	196	33.4256	7.6747	16.8551	46.1227	29.2676	4.3553
sub-20259	ses-1	Schaefer2018_700Parcels_7Networks_order	rh	7Networks_RH_SalVentAttn_PFCv_1	317	231	800	2.821	0.526	0.133	0.034	7	0.4	198	197	27.3960	8.6016	-7.6356	42.8204	50.4561	3.1850
sub-20259	ses-1	Schaefer2018_700Parcels_7Networks_order	rh	7Networks_RH_SalVentAttn_PFCl_1	737	550	1717	2.666	0.487	0.123	0.026	11	0.6	199	198	30.9990	7.7847	-6.5477	46.8828	53.4306	3.9821
sub-20259	ses-1	Schaefer2018_700Parcels_7Networks_order	rh	7Networks_RH_SalVentAttn_Med_1	371	265	875	2.822	0.843	0.124	0.025	5	0.5	200	199	29.1531	9.7796	-9.8539	42.1729	52.0268	2.9810
sub-20259	ses-1	Schaefer2018_700Parcels_7Networks_order	rh	7Networks_RH_SalVentAttn_Med_2	153	97	494	3.283	0.957	0.123	0.029	2	0.2	201	200	28.1288	8.4221	5.9354	41.8251	35.8897	3.3399
sub-20259	ses-1	Schaefer2018_700Parcels_7Networks_order	rh	7Networks_RH_SalVentAttn_Med_3	680	460	1463	2.965	0.717	0.117	0.018	7	0.5	202	201	29.7774	7.0378	-1.0449	45.8108	46.8557	4.2310
sub-20259	ses-1	Schaefer2018_700Parcels_7Networks_order	rh	7Networks_RH_SalVentAttn_Med_4	607	404	1301	3.274	0.419	0.107	0.019	6	0.5	203	202	31.0398	7.9224	7.3568	45.8470	38.4902	3.9180
sub-20259	ses-1	Schaefer2018_700Parcels_7Networks_order	rh	7Networks_RH_SalVentAttn_Med_5	382	262	660	2.890	0.405	0.104	0.025	2	0.3	204	203	31.6055	7.6125	5.6512	45.8957	40.2445	4.1518
sub-20259	ses-1	Schaefer2018_700Parcels_7Networks_order	rh	7Networks_RH_SalVentAttn_Med_6	306	223	602	3.001	0.345	0.126	0.034	3	0.5	205	204	26.9143	7.9856	-17.5348	38.6824	56.2172	3.3704
sub-20259	ses-1	Schaefer2018_700Parcels_7Networks_order	rh	7Networks_RH_SalVentAttn_Med_7	246	168	497	3.163	0.346	0.108	0.018	2	0.2	206	205	32.5957	6.5722	16.9785	44.4011	27.4226	4.9597
sub-20259	ses-1	Schaefer2018_700Parcels_7Networks_order	rh	7Networks_RH_SalVentAttn_Med_8	315	218	636	2.756	0.392	0.118	0.023	3	0.3	207	206	25.3658	5.7934	12.0344	37.6593	25.6248	4.3784
sub-20259	ses-1	Schaefer2018_700Parcels_7Networks_order	rh	7Networks_RH_SalVentAttn_Med_9	76	48	99	2.303	0.251	0.100	0.015	1	0.0	208	207	19.6723	4.6631	11.8583	35.7752	23.9170	4.2187
sub-20259	ses-1	Schaefer2018_700Parcels_7Networks_order	rh	7Networks_RH_SalVentAttn_Med_10	528	381	1731	3.449	0.614	0.125	0.029	7	0.5	209	208	27.5108	7.5077	-5.0946	44.1369	49.2315	3.6644
sub-20259	ses-1	Schaefer2018_700Parcels_7Networks_order	rh	7Networks_RH_SalVentAttn_Med_11	292	211	669	3.201	0.497	0.109	0.018	2	0.2	210	209	27.8551	7.5852	-3.4236	42.5981	46.0217	3.6723
sub-20259	ses-1	Schaefer2018_700Parcels_7Networks_order	rh	7Networks_RH_Limbic_OFC_1	318	255	841	2.828	0.665	0.166	0.053	8	0.5	211	210	20.4047	10.4960	-9.6481	42.2525	51.9006	1.9441
sub-20259	ses-1	Schaefer2018_700Parcels_7Networks_order	rh	7Networks_RH_Limbic_OFC_2	229	157	580	2.754	0.727	0.124	0.047	4	0.3	212	211	25.6703	9.6663	-19.2788	50.1220	69.4008	2.6557
sub-20259	ses-1	Schaefer2018_700Parcels_7Networks_order	rh	7Networks_RH_Limbic_OFC_3	271	180	427	2.762	0.723	0.110	0.022	1	0.3	213	212	32.9904	5.6394	9.0469	45.1645	36.1176	5.8500
sub-20259	ses-1	Schaefer2018_700Parcels_7Networks_order	rh	7Networks_RH_Limbic_OFC_4	401	273	563	1.999	0.453	0.116	0.029	7	0.5	214	213	22.4902	10.9876	-12.8833	50.0619	62.9452	2.0469
sub-20259	ses-1	Schaefer2018_700Parcels_7Networks_order	rh	7Networks_RH_Limbic_OFC_5	639	451	1336	3.129	0.556	0.121	0.028	5	0.8	215	214	34.4371	6.8465	6.6546	54.2159	47.5613	5.0299
sub-20259	ses-1	Schaefer2018_700Parcels_7Networks_order	rh	7Networks_RH_Limbic_OFC_6	196	132	444	3.117	0.693	0.094	0.022	1	0.1	216	215	36.2084	10.2090	-0.4369	55.7703	56.2072	3.5467
sub-20259	ses-1	Schaefer2018_700Parcels_7Networks_order	rh	7Networks_RH_Limbic_OFC_7	592	398	1275	2.536	0.716	0.117	0.034	12	0.7	217	216	19.0539	11.0079	-16.3713	42.1877	58.5590	1.7309
sub-20259	ses-1	Schaefer2018_700Parcels_7Networks_order	rh	7Networks_RH_Limbic_OFC_8	380	279	1103	2.825	0.522	0.147	0.041	11	0.5	218	217	24.7670	9.7877	-9.2604	53.9910	63.2514	2.5304
sub-20259	ses-1	Schaefer2018_700Parcels_7Networks_order	rh	7Networks_RH_Limbic_OFC_9	352	223	929	2.869	0.590	0.139	0.053	7	0.9	219	218	27.5578	10.5767	-0.6811	55.3867	56.0678	2.6055
sub-20259	ses-1	Schaefer2018_700Parcels_7Networks_order	rh	7Networks_RH_Limbic_OFC_10	304	216	674	3.000	0.821	0.144	0.038	5	0.5	220	219	29.0445	10.8550	-6.8074	51.0178	57.8252	2.6757
sub-20259	ses-1	Schaefer2018_700Parcels_7Networks_order	rh	7Networks_RH_Limbic_OFC_11	395	279	873	2.465	0.492	0.134	0.046	10	0.5	221	220	27.3494	9.4514	-0.2448	51.2621	51.5069	2.8937
sub-20259	ses-1	Schaefer2018_700Parcels_7Networks_order	rh	7Networks_RH_Limbic_TempPole_1	991	771	2868	3.145	0.906	0.145	0.042	18	1.9	222	221	25.0774	11.1539	-8.1670	48.6700	56.8369	2.2483
sub-20259	ses-1	Schaefer2018_700Parcels_7Networks_order	rh	7Networks_RH_Limbic_TempPole_2	341	254	926	2.978	0.532	0.118	0.023	3	0.3	223	222	31.8742	5.6143	9.4834	41.9960	32.5126	5.6774
sub-20259	ses-1	Schaefer2018_700Parcels_7Networks_order	rh	7Networks_RH_Limbic_TempPole_3	623	427	1163	3.177	0.543	0.091	0.011	3	0.3	224	223	29.5485	6.6419	8.3598	41.3261	32.9663	4.4488
sub-20259	ses-1	Schaefer2018_700Parcels_7Networks_order	rh	7Networks_RH_Limbic_TempPole_4	650	470	1516	2.798	0.441	0.124	0.024	10	0.6	225	224	23.2726	7.9421	0.5909	41.7843	41.1934	2.9303
sub-20259	ses-1	Schaefer2018_700Parcels_7Networks_order	rh	7Networks_RH_Limbic_TempPole_5	612	419	1629	3.041	0.642	0.106	0.021	7	0.4	226	225	29.1901	7.7662	-4.2255	44.2419	48.4674	3.7586
sub-20259	ses-1	Schaefer2018_700Parcels_7Networks_order	rh	7Networks_RH_Limbic_TempPole_6	170	107	492	2.537	1.546	0.135	0.049	4	0.2	227	226	16.7208	11.5415	-1.6116	34.7061	36.3177	1.4488
sub-20259	ses-1	Schaefer2018_700Parcels_7Networks_order	rh	7Networks_RH_Limbic_TempPole_7	289	192	803	3.093	1.176	0.122	0.048	3	0.5	228	227	19.9813	8.9849	-1.4952	40.3228	41.8179	2.2239
sub-20259	ses-1	Schaefer2018_700Parcels_7Networks_order	rh	7Networks_RH_Limbic_TempPole_8	639	467	1579	3.126	0.629	0.138	0.039	12	0.9	229	228	25.8268	9.5202	-7.6648	47.4738	55.1386	2.7129
sub-20259	ses-1	Schaefer2018_700Parcels_7Networks_order	rh	7Networks_RH_Limbic_TempPole_9	639	411	989	2.746	0.463	0.085	0.014	5	0.3	230	229	33.6659	6.0376	-1.7273	45.6623	47.3897	5.5760
sub-20259	ses-1	Schaefer2018_700Parcels_7Networks_order	rh	7Networks_RH_Limbic_TempPole_10	340	254	1098	3.601	0.610	0.125	0.023	5	0.3	231	230	27.1124	9.1130	5.5228	43.2808	37.7580	2.9751
sub-20259	ses-1	Schaefer2018_700Parcels_7Networks_order	rh	7Networks_RH_Limbic_TempPole_11	602	430	2015	3.976	0.606	0.129	0.031	10	0.7	232	231	26.3260	7.9002	0.8464	44.7445	43.8981	3.3323
sub-20259	ses-1	Schaefer2018_700Parcels_7Networks_order	rh	7Networks_RH_Limbic_TempPole_12	406	251	941	3.112	1.364	0.107	0.024	5	0.4	233	232	25.3190	11.7216	-2.2940	43.9217	46.2158	2.1600
sub-20259	ses-1	Schaefer2018_700Parcels_7Networks_order	rh	7Networks_RH_Limbic_TempPole_13	583	417	2189	3.693	0.479	0.141	0.032	12	0.7	234	233	29.7281	6.6290	11.2514	48.1312	36.8798	4.4846
sub-20259	ses-1	Schaefer2018_700Parcels_7Networks_order	rh	7Networks_RH_Limbic_TempPole_14	173	104	552	3.410	1.130	0.122	0.024	4	0.1	235	234	23.5104	7.5897	0.0000	36.0350	36.0350	3.0977
sub-20259	ses-1	Schaefer2018_700Parcels_7Networks_order	rh	7Networks_RH_Limbic_TempPole_15	480	339	1146	3.380	0.643	0.110	0.028	4	0.5	236	235	30.1013	9.6412	4.3074	48.6933	44.3859	3.1221
sub-20259	ses-1	Schaefer2018_700Parcels_7Networks_order	rh	7Networks_RH_Cont_Par_1	546	375	1443	3.363	0.673	0.110	0.024	7	0.6	237	236	29.1063	8.2109	-2.9778	44.5040	47.4819	3.5448
sub-20259	ses-1	Schaefer2018_700Parcels_7Networks_order	rh	7Networks_RH_Cont_Par_2	377	278	1265	3.278	0.503	0.149	0.031	8	0.5	238	237	23.5475	7.3884	-7.8934	38.8626	46.7560	3.1871
sub-20259	ses-1	Schaefer2018_700Parcels_7Networks_order	rh	7Networks_RH_Cont_Par_3	424	307	1414	3.447	0.597	0.137	0.031	9	0.6	239	238	21.6849	9.0259	-12.4082	47.9548	60.3631	2.4025
sub-20259	ses-1	Schaefer2018_700Parcels_7Networks_order	rh	7Networks_RH_Cont_Par_4	279	206	665	3.024	0.616	0.136	0.030	5	0.3	240	239	25.1126	7.5673	-12.0288	43.4036	55.4324	3.3186
sub-20259	ses-1	Schaefer2018_700Parcels_7Networks_order	rh	7Networks_RH_Cont_Par_5	313	236	1087	3.271	0.454	0.165	0.040	11	0.6	241	240	22.8879	8.2338	-0.0230	41.8742	41.8972	2.7797
sub-20259	ses-1	Schaefer2018_700Parcels_7Networks_order	rh	7Networks_RH_Cont_Par_6	244	167	527	2.909	0.359	0.069	0.008	1	0.1	242	241	23.8493	5.4116	6.4551	39.0594	32.6043	4.4070
sub-20259	ses-1	Schaefer2018_700Parcels_7Networks_order	rh	7Networks_RH_Cont_Par_7	249	208	532	2.551	0.398	0.159	0.037	7	0.4	243	242	23.9710	9.8509	-10.2668	40.1060	50.3728	2.4334
sub-20259	ses-1	Schaefer2018_700Parcels_7Networks_order	rh	7Networks_RH_Cont_Par_8	305	208	504	2.918	0.516	0.095	0.012	2	0.2	244	243	31.5148	5.8665	13.9637	45.9390	31.9753	5.3720
sub-20259	ses-1	Schaefer2018_700Parcels_7Networks_order	rh	7Networks_RH_Cont_Par_9	110	88	218	2.274	0.492	0.156	0.048	3	0.1	245	244	16.7055	7.4511	1.6200	32.2537	30.6336	2.2420
sub-20259	ses-1	Schaefer2018_700Parcels_7Networks_order	rh	7Networks_RH_Cont_Par_10	228	173	447	3.053	0.510	0.129	0.026	3	0.3	246	245	26.3274	7.4056	5.1149	44.3292	39.2143	3.5551
sub-20259	ses-1	Schaefer2018_700Parcels_7Networks_order	rh	7Networks_RH_Cont_Par_11	294	186	374	2.614	0.295	0.101	0.017	1	0.3	247	246	31.0174	6.3634	11.6880	43.2487	31.5606	4.8743
sub-20259	ses-1	Schaefer2018_700Parcels_7Networks_order	rh	7Networks_RH_Cont_Temp_1	639	494	1572	3.018	0.458	0.142	0.033	9	0.8	248	247	28.3874	9.9973	2.6068	51.9123	49.3054	2.8395
sub-20259	ses-1	Schaefer2018_700Parcels_7Networks_order	rh	7Networks_RH_Cont_Temp_2	437	289	932	2.835	0.569	0.103	0.022	4	0.4	249	248	31.6548	7.9043	-2.5024	45.7333	48.2358	4.0047
sub-20259	ses-1	Schaefer2018_700Parcels_7Networks_order	rh	7Networks_RH_Cont_Temp_3	794	518	1578	2.899	0.618	0.115	0.025	7	0.9	250	249	30.2675	7.0651	-2.0643	45.7112	47.7755	4.2841
sub-20259	ses-1	Schaefer2018_700Parcels_7Networks_order	rh	7Networks_RH_Cont_Temp_4	211	127	539	2.897	0.568	0.122	0.031	3	0.3	251	250	22.2592	10.1021	3.1883	42.4547	39.2664	2.2034
sub-20259	ses-1	Schaefer2018_700Parcels_7Networks_order	rh	7Networks_RH_Cont_PFCv_1	387	244	985	3.788	0.755	0.070	0.011	1	0.2	252	251	29.8961	7.1807	8.7688	44.0330	35.2642	4.1634
sub-20259	ses-1	Schaefer2018_700Parcels_7Networks_order	rh	7Networks_RH_Cont_PFCv_2	246	157	523	3.513	0.470	0.094	0.014	1	0.1	253	252	33.4619	5.2090	16.4157	44.2517	27.8360	6.4239
sub-20259	ses-1	Schaefer2018_700Parcels_7Networks_order	rh	7Networks_RH_Cont_PFCl_1	420	300	1136	3.103	0.785	0.116	0.020	4	0.4	254	253	36.6480	7.8694	-6.3195	55.9492	62.2687	4.6571
sub-20259	ses-1	Schaefer2018_700Parcels_7Networks_order	rh	7Networks_RH_Cont_PFCl_2	593	422	1444	2.916	0.489	0.143	0.044	12	0.8	255	254	29.6574	7.9465	-2.8538	44.7434	47.5971	3.7321
sub-20259	ses-1	Schaefer2018_700Parcels_7Networks_order	rh	7Networks_RH_Cont_PFCl_3	337	232	607	2.507	0.610	0.116	0.025	3	0.3	256	255	34.2038	6.2249	3.2352	44.6864	41.4512	5.4947
sub-20259	ses-1	Schaefer2018_700Parcels_7Networks_order	rh	7Networks_RH_Cont_PFCl_4	569	419	1190	2.463	0.427	0.130	0.028	8	0.7	257	256	30.0798	8.4834	-8.7646	48.0074	56.7720	3.5457
sub-20259	ses-1	Schaefer2018_700Parcels_7Networks_order	rh	7Networks_RH_Cont_PFCl_5	416	301	749	2.373	0.427	0.139	0.040	10	0.7	258	257	27.7077	10.2223	-8.6231	45.2352	53.8583	2.7105
sub-20259	ses-1	Schaefer2018_700Parcels_7Networks_order	rh	7Networks_RH_Cont_PFCl_6	1037	737	2235	2.506	0.521	0.123	0.029	17	1.1	259	258	28.9346	9.5160	-3.9476	48.5226	52.4701	3.0406
sub-20259	ses-1	Schaefer2018_700Parcels_7Networks_order	rh	7Networks_RH_Cont_PFCl_7	393	279	830	2.837	0.311	0.102	0.018	4	0.3	260	259	34.7571	7.0999	12.0158	47.4456	35.4298	4.8954
sub-20259	ses-1	Schaefer2018_700Parcels_7Networks_order	rh	7Networks_RH_Cont_PFCl_8	370	265	928	2.793	0.555	0.135	0.024	5	0.3	261	260	29.4155	7.0760	11.0208	42.8500	31.8292	4.1571
sub-20259	ses-1	Schaefer2018_700Parcels_7Networks_order	rh	7Networks_RH_Cont_PFCl_9	446	302	800	2.449	0.482	0.124	0.021	6	0.5	262	261	29.7631	7.8913	-12.4959	44.1618	56.6577	3.7716
sub-20259	ses-1	Schaefer2018_700Parcels_7Networks_order	rh	7Networks_RH_Cont_PFCl_10	834	624	1912	2.690	0.523	0.133	0.032	14	1.1	263	262	28.3356	9.7588	-16.3058	46.5270	62.8328	2.9036
sub-20259	ses-1	Schaefer2018_700Parcels_7Networks_order	rh	7Networks_RH_Cont_PFCl_11	305	222	962	3.072	0.374	0.112	0.022	5	0.3	264	263	32.4422	7.9476	11.9980	45.9236	33.9255	4.0820
sub-20259	ses-1	Schaefer2018_700Parcels_7Networks_order	rh	7Networks_RH_Cont_PFCl_12	743	519	1348	2.485	0.481	0.114	0.021	7	0.7	265	264	31.3510	6.7849	7.4524	45.4952	38.0428	4.6207
sub-20259	ses-1	Schaefer2018_700Parcels_7Networks_order	rh	7Networks_RH_Cont_PFCl_13	446	292	741	2.611	0.544	0.105	0.022	2	0.5	266	265	35.6367	5.1728	18.7014	48.2044	29.5030	6.8892
sub-20259	ses-1	Schaefer2018_700Parcels_7Networks_order	rh	7Networks_RH_Cont_PFCl_14	642	452	1356	2.464	0.533	0.133	0.034	9	0.9	267	266	28.2287	7.9554	2.6294	44.7063	42.0769	3.5484
sub-20259	ses-1	Schaefer2018_700Parcels_7Networks_order	rh	7Networks_RH_Cont_PFCl_15	242	187	589	2.731	0.342	0.130	0.031	4	0.3	268	267	30.9721	6.9431	11.5027	42.4330	30.9303	4.4608
sub-20259	ses-1	Schaefer2018_700Parcels_7Networks_order	rh	7Networks_RH_Cont_PFCl_16	577	436	1793	2.906	0.927	0.122	0.032	10	0.6	269	268	28.5254	8.4448	1.6669	48.3865	46.7195	3.3779
sub-20259	ses-1	Schaefer2018_700Parcels_7Networks_order	rh	7Networks_RH_Cont_PFCl_17	614	427	1738	2.929	0.558	0.129	0.022	11	0.5	270	269	28.5766	8.1169	4.8954	47.1998	42.3044	3.5206
sub-20259	ses-1	Schaefer2018_700Parcels_7Networks_order	rh	7Networks_RH_Cont_PFCl_18	228	146	350	2.707	0.399	0.097	0.014	1	0.2	271	270	35.6833	3.7614	22.6724	43.2846	20.6122	9.4866
sub-20259	ses-1	Schaefer2018_700Parcels_7Networks_order	rh	7Networks_RH_Cont_PFCl_19	345	230	454	2.571	0.235	0.114	0.020	2	0.3	272	271	33.2570	4.4890	19.6155	42.2925	22.6770	7.4086
sub-20259	ses-1	Schaefer2018_700Parcels_7Networks_order	rh	7Networks_RH_Cont_PFCl_20	790	537	1535	2.570	0.666	0.117	0.025	9	0.7	273	272	32.1473	7.1411	9.0862	44.4754	35.3891	4.5017
sub-20259	ses-1	Schaefer2018_700Parcels_7Networks_order	rh	7Networks_RH_Cont_PFCl_21	621	415	1176	2.619	0.552	0.081	0.013	4	0.3	274	273	33.5810	4.6931	12.3233	46.2701	33.9468	7.1553
sub-20259	ses-1	Schaefer2018_700Parcels_7Networks_order	rh	7Networks_RH_Cont_PFCl_22	380	270	953	2.929	0.249	0.106	0.019	5	0.3	275	274	30.8915	6.5606	13.3508	44.7417	31.3909	4.7086
sub-20259	ses-1	Schaefer2018_700Parcels_7Networks_order	rh	7Networks_RH_Cont_PFCl_23	485	355	1491	3.295	0.487	0.119	0.026	6	0.5	276	275	27.8653	6.4712	0.5613	46.6602	46.0989	4.3060
sub-20259	ses-1	Schaefer2018_700Parcels_7Networks_order	rh	7Networks_RH_Cont_PFCl_24	297	234	798	2.785	0.497	0.119	0.021	5	0.3	277	276	24.7219	8.0904	-3.5544	39.9763	43.5306	3.0557
sub-20259	ses-1	Schaefer2018_700Parcels_7Networks_order	rh	7Networks_RH_Cont_PFCl_25	220	150	455	2.692	0.439	0.106	0.020	2	0.2	278	277	31.1814	7.5643	-10.9162	46.5615	57.4777	4.1222
sub-20259	ses-1	Schaefer2018_700Parcels_7Networks_order	rh	7Networks_RH_Cont_PFCl_26	301	212	654	2.831	0.456	0.101	0.021	3	0.3	279	278	27.9219	9.8580	1.6358	47.0034	45.3676	2.8324
sub-20259	ses-1	Schaefer2018_700Parcels_7Networks_order	rh	7Networks_RH_Cont_pCun_1	462	291	634	2.720	0.319	0.082	0.012	2	0.2	280	279	33.2366	5.0012	19.3683	43.7041	24.3358	6.6457
sub-20259	ses-1	Schaefer2018_700Parcels_7Networks_order	rh	7Networks_RH_Cont_pCun_3	161	116	245	2.640	0.365	0.117	0.018	1	0.2	281	280	28.4779	6.1322	15.1409	40.4108	25.2699	4.6440
sub-20259	ses-1	Schaefer2018_700Parcels_7Networks_order	rh	7Networks_RH_Cont_pCun_4	142	101	378	3.298	0.400	0.139	0.035	3	0.1	282	281	24.9931	6.0847	13.8031	38.6528	24.8496	4.1075
sub-20259	ses-1	Schaefer2018_700Parcels_7Networks_order	rh	7Networks_RH_Cont_Cing_1	169	111	119	1.171	0.231	0.082	0.007	1	0.1	283	282	34.0478	4.5309	26.0912	49.3189	23.2277	7.5145
sub-20259	ses-1	Schaefer2018_700Parcels_7Networks_order	rh	7Networks_RH_Cont_Cing_2	516	343	484	1.517	0.412	0.087	0.015	5	0.4	284	283	28.8509	7.8501	3.6485	49.8667	46.2182	3.6752
sub-20259	ses-1	Schaefer2018_700Parcels_7Networks_order	rh	7Networks_RH_Cont_Cing_3	159	106	125	1.319	0.473	0.084	0.008	2	0.1	285	284	30.1848	6.4341	6.5242	44.0787	37.5545	4.6914
sub-20259	ses-1	Schaefer2018_700Parcels_7Networks_order	rh	7Networks_RH_Cont_PFCmp_1	364	273	913	3.146	0.446	0.117	0.023	3	0.4	286	285	31.8767	8.3484	6.9823	42.3805	35.3982	3.8183
sub-20259	ses-1	Schaefer2018_700Parcels_7Networks_order	rh	7Networks_RH_Cont_PFCmp_2	398	274	835	3.083	0.450	0.102	0.023	3	0.3	287	286	32.8201	8.2699	7.4911	44.9784	37.4873	3.9686
sub-20259	ses-1	Schaefer2018_700Parcels_7Networks_order	rh	7Networks_RH_Cont_PFCmp_3	504	350	1643	3.738	0.563	0.131	0.026	7	0.5	288	287	30.1654	6.9640	4.6981	42.5168	37.8187	4.3316
sub-20259	ses-1	Schaefer2018_700Parcels_7Networks_order	rh	7Networks_RH_Default_Par_1	331	204	781	2.967	0.582	0.109	0.029	4	0.4	289	288	22.2581	9.3774	-9.0677	44.2842	53.3519	2.3736
sub-20259	ses-1	Schaefer2018_700Parcels_7Networks_order	rh	7Networks_RH_Default_Par_2	363	237	567	2.859	0.374	0.106	0.019	2	0.3	290	289	30.6428	6.4933	1.2518	41.2264	39.9747	4.7191
sub-20259	ses-1	Schaefer2018_700Parcels_7Networks_order	rh	7Networks_RH_Default_Par_3	251	154	465	2.840	0.600	0.073	0.009	3	0.1	291	290	28.8708	6.8000	13.0271	45.4173	32.3902	4.2457
sub-20259	ses-1	Schaefer2018_700Parcels_7Networks_order	rh	7Networks_RH_Default_Par_4	431	260	884	3.049	0.490	0.105	0.023	5	0.4	292	291	19.9951	8.7332	-1.5726	42.7541	44.3267	2.2896
sub-20259	ses-1	Schaefer2018_700Parcels_7Networks_order	rh	7Networks_RH_Default_Par_5	436	293	665	2.677	0.644	0.115	0.021	3	0.4	293	292	30.7937	6.9862	9.8057	47.9769	38.1712	4.4078
sub-20259	ses-1	Schaefer2018_700Parcels_7Networks_order	rh	7Networks_RH_Default_Par_6	322	206	501	2.752	0.382	0.080	0.010	1	0.1	294	293	33.7466	4.9398	16.6659	45.0764	28.4105	6.8315
sub-20259	ses-1	Schaefer2018_700Parcels_7Networks_order	rh	7Networks_RH_Default_Par_7	594	427	1401	2.965	0.693	0.142	0.038	10	0.9	295	294	27.0762	7.6522	1.9678	42.7505	40.7827	3.5384
sub-20259	ses-1	Schaefer2018_700Parcels_7Networks_order	rh	7Networks_RH_Default_Par_8	456	294	1166	2.924	0.682	0.111	0.030	5	0.5	296	295	25.8807	7.5154	8.7888	48.1518	39.3630	3.4437
sub-20259	ses-1	Schaefer2018_700Parcels_7Networks_order	rh	7Networks_RH_Default_Par_9	382	253	905	3.170	0.489	0.119	0.023	4	0.3	297	296	30.0075	6.3959	11.6711	49.7421	38.0710	4.6917
sub-20259	ses-1	Schaefer2018_700Parcels_7Networks_order	rh	7Networks_RH_Default_Par_10	380	257	619	2.762	0.471	0.109	0.024	2	0.4	298	297	31.2077	5.3962	12.9669	45.9850	33.0180	5.7833
sub-20259	ses-1	Schaefer2018_700Parcels_7Networks_order	rh	7Networks_RH_Default_Temp_1	564	372	1092	2.836	0.496	0.115	0.021	6	0.5	299	298	32.7229	6.2509	14.1089	45.6401	31.5311	5.2349
sub-20259	ses-1	Schaefer2018_700Parcels_7Networks_order	rh	7Networks_RH_Default_Temp_2	690	488	1760	3.130	0.402	0.132	0.034	10	0.9	300	299	30.0346	7.2344	-3.5552	44.4774	48.0325	4.1516
sub-20259	ses-1	Schaefer2018_700Parcels_7Networks_order	rh	7Networks_RH_Default_Temp_3	305	232	927	3.123	0.386	0.120	0.023	3	0.3	301	300	31.7758	6.4656	2.4814	40.9951	38.5136	4.9146
sub-20259	ses-1	Schaefer2018_700Parcels_7Networks_order	rh	7Networks_RH_Default_Temp_4	537	378	1346	2.971	0.448	0.106	0.022	6	0.4	302	301	31.5095	6.6214	-8.3434	46.6849	55.0282	4.7587
sub-20259	ses-1	Schaefer2018_700Parcels_7Networks_order	rh	7Networks_RH_Default_Temp_5	526	365	1477	3.318	0.568	0.112	0.023	6	0.5	303	302	33.5320	6.9684	11.6254	46.9248	35.2994	4.8120
sub-20259	ses-1	Schaefer2018_700Parcels_7Networks_order	rh	7Networks_RH_Default_Temp_6	395	260	882	3.669	0.457	0.112	0.021	3	0.4	304	303	30.4866	7.2973	13.5989	43.0653	29.4664	4.1778
sub-20259	ses-1	Schaefer2018_700Parcels_7Networks_order	rh	7Networks_RH_Default_Temp_7	465	317	1334	3.385	0.593	0.122	0.027	7	0.5	305	304	30.0519	9.5216	3.6982	45.0440	41.3458	3.1562
sub-20259	ses-1	Schaefer2018_700Parcels_7Networks_order	rh	7Networks_RH_Default_Temp_8	304	186	478	3.025	0.375	0.078	0.008	1	0.1	306	305	35.7560	1.8594	31.0680	40.8117	9.7438	19.2296
sub-20259	ses-1	Schaefer2018_700Parcels_7Networks_order	rh	7Networks_RH_Default_Temp_9	346	223	526	2.957	0.246	0.077	0.012	1	0.1	307	306	36.8105	2.8454	25.3320	44.3563	19.0243	12.9369
sub-20259	ses-1	Schaefer2018_700Parcels_7Networks_order	rh	7Networks_RH_Default_Temp_10	459	302	1091	3.402	0.623	0.112	0.028	7	0.4	308	307	28.6658	8.7545	-5.5108	43.4131	48.9239	3.2744
sub-20259	ses-1	Schaefer2018_700Parcels_7Networks_order	rh	7Networks_RH_Default_Temp_11	858	558	1299	2.832	0.365	0.092	0.015	6	0.6	309	308	33.1333	6.5813	6.1361	43.7524	37.6163	5.0345
sub-20259	ses-1	Schaefer2018_700Parcels_7Networks_order	rh	7Networks_RH_Default_Temp_12	353	231	903	3.208	0.410	0.107	0.024	3	0.3	310	309	28.9146	7.1923	5.5338	46.3165	40.7827	4.0202
sub-20259	ses-1	Schaefer2018_700Parcels_7Networks_order	rh	7Networks_RH_Default_PFCv_1	443	323	1023	2.825	0.693	0.131	0.048	5	0.7	311	310	21.7560	9.7205	-4.9464	45.0924	50.0387	2.2382
sub-20259	ses-1	Schaefer2018_700Parcels_7Networks_order	rh	7Networks_RH_Default_PFCv_2	523	370	1061	2.579	0.592	0.134	0.033	9	0.9	312	311	27.9121	9.3610	-5.7273	44.5599	50.2872	2.9817
sub-20259	ses-1	Schaefer2018_700Parcels_7Networks_order	rh	7Networks_RH_Default_PFCv_3	434	304	1197	3.002	0.614	0.134	0.032	7	0.5	313	312	25.0486	8.6798	-12.6137	43.0837	55.6974	2.8859
sub-20259	ses-1	Schaefer2018_700Parcels_7Networks_order	rh	7Networks_RH_Default_PFCv_4	702	505	1919	3.052	0.567	0.112	0.023	7	0.6	314	313	32.5706	7.6694	-4.4943	57.2687	61.7629	4.2468
sub-20259	ses-1	Schaefer2018_700Parcels_7Networks_order	rh	7Networks_RH_Default_PFCv_5	360	253	992	3.323	0.399	0.126	0.026	5	0.5	315	314	28.3572	7.6564	0.1248	42.0320	41.9072	3.7037
sub-20259	ses-1	Schaefer2018_700Parcels_7Networks_order	rh	7Networks_RH_Default_PFCdPFCm_1	299	217	487	2.191	0.449	0.144	0.037	6	0.5	316	315	25.7482	9.5208	-3.0272	43.6204	46.6476	2.7044
sub-20259	ses-1	Schaefer2018_700Parcels_7Networks_order	rh	7Networks_RH_Default_PFCdPFCm_2	612	416	1244	2.592	0.479	0.108	0.021	10	0.5	317	316	29.1349	8.5951	-5.6506	48.1061	53.7567	3.3897
sub-20259	ses-1	Schaefer2018_700Parcels_7Networks_order	rh	7Networks_RH_Default_PFCdPFCm_3	186	122	314	2.673	0.829	0.109	0.018	2	0.1	318	317	30.7480	12.2241	-20.6410	56.4502	77.0912	2.5154
sub-20259	ses-1	Schaefer2018_700Parcels_7Networks_order	rh	7Networks_RH_Default_PFCdPFCm_4	429	292	783	2.495	0.604	0.104	0.021	3	0.4	319	318	29.0033	6.9701	-15.5805	40.0349	55.6154	4.1611
sub-20259	ses-1	Schaefer2018_700Parcels_7Networks_order	rh	7Networks_RH_Default_PFCdPFCm_5	889	655	2613	3.062	0.805	0.138	0.039	15	1.3	320	319	29.9641	10.4513	-20.8630	53.5432	74.4062	2.8670
sub-20259	ses-1	Schaefer2018_700Parcels_7Networks_order	rh	7Networks_RH_Default_PFCdPFCm_6	400	295	823	2.708	0.725	0.118	0.023	7	0.4	321	320	31.0845	8.5899	5.5168	46.0536	40.5368	3.6187
sub-20259	ses-1	Schaefer2018_700Parcels_7Networks_order	rh	7Networks_RH_Default_PFCdPFCm_7	724	558	1736	2.610	0.571	0.149	0.036	10	1.2	322	321	28.7117	10.6525	-6.0706	47.9056	53.9761	2.6953
sub-20259	ses-1	Schaefer2018_700Parcels_7Networks_order	rh	7Networks_RH_Default_PFCdPFCm_8	327	215	395	1.679	0.685	0.108	0.013	4	0.2	323	322	32.7380	6.1031	8.4453	52.6065	44.1612	5.3642
sub-20259	ses-1	Schaefer2018_700Parcels_7Networks_order	rh	7Networks_RH_Default_PFCdPFCm_9	289	219	778	3.385	0.563	0.115	0.028	3	0.3	324	323	32.5725	9.1238	5.5144	45.9405	40.4260	3.5700
sub-20259	ses-1	Schaefer2018_700Parcels_7Networks_order	rh	7Networks_RH_Default_PFCdPFCm_10	543	410	1769	3.077	0.565	0.145	0.037	9	0.8	325	324	29.9132	8.4122	5.4647	50.9525	45.4878	3.5560
sub-20259	ses-1	Schaefer2018_700Parcels_7Networks_order	rh	7Networks_RH_Default_PFCdPFCm_11	912	634	2196	3.027	0.688	0.129	0.032	10	1.1	326	325	32.0771	7.1003	-4.2283	45.3926	49.6209	4.5177
sub-20259	ses-1	Schaefer2018_700Parcels_7Networks_order	rh	7Networks_RH_Default_PFCdPFCm_12	396	286	1331	3.807	0.456	0.134	0.026	6	0.4	327	326	32.2306	9.5242	-4.7678	53.8147	58.5824	3.3841
sub-20259	ses-1	Schaefer2018_700Parcels_7Networks_order	rh	7Networks_RH_Default_PFCdPFCm_13	481	309	875	2.712	0.514	0.098	0.018	2	0.4	328	327	34.9687	5.3374	8.0495	46.0821	38.0327	6.5516
sub-20259	ses-1	Schaefer2018_700Parcels_7Networks_order	rh	7Networks_RH_Default_PFCdPFCm_14	433	335	1378	3.486	0.586	0.132	0.031	6	0.5	329	328	31.5539	8.7679	12.4351	48.9622	36.5271	3.5988
sub-20259	ses-1	Schaefer2018_700Parcels_7Networks_order	rh	7Networks_RH_Default_PFCdPFCm_15	596	385	935	2.647	0.314	0.082	0.009	2	0.3	330	329	35.9401	3.8796	16.5446	45.8209	29.2763	9.2638
sub-20259	ses-1	Schaefer2018_700Parcels_7Networks_order	rh	7Networks_RH_Default_PFCdPFCm_16	428	318	1093	3.040	0.355	0.101	0.018	4	0.4	331	330	30.0002	8.1492	0.0178	42.8765	42.8588	3.6814
sub-20259	ses-1	Schaefer2018_700Parcels_7Networks_order	rh	7Networks_RH_Default_PFCdPFCm_17	448	315	1016	3.059	0.539	0.115	0.027	5	0.4	332	331	34.2837	6.8771	8.0496	46.9237	38.8741	4.9852
sub-20259	ses-1	Schaefer2018_700Parcels_7Networks_order	rh	7Networks_RH_Default_PFCdPFCm_18	537	373	1321	2.867	0.440	0.116	0.022	8	0.4	333	332	31.3269	7.7108	-4.8486	47.1884	52.0370	4.0627
sub-20259	ses-1	Schaefer2018_700Parcels_7Networks_order	rh	7Networks_RH_Default_PFCdPFCm_19	563	418	1753	3.506	0.537	0.132	0.027	6	0.8	334	333	29.3600	6.9837	5.1621	44.1259	38.9637	4.2041
sub-20259	ses-1	Schaefer2018_700Parcels_7Networks_order	rh	7Networks_RH_Default_pCunPCC_1	218	145	488	3.088	0.732	0.113	0.024	2	0.2	335	334	26.5050	7.4247	6.9435	41.0627	34.1192	3.5698
sub-20259	ses-1	Schaefer2018_700Parcels_7Networks_order	rh	7Networks_RH_Default_pCunPCC_2	113	91	283	2.461	0.949	0.159	0.038	4	0.2	336	335	17.5563	8.0964	-7.8955	32.3023	40.1978	2.1684
sub-20259	ses-1	Schaefer2018_700Parcels_7Networks_order	rh	7Networks_RH_Default_pCunPCC_3	576	402	1243	3.233	0.629	0.136	0.032	6	0.8	337	336	27.1492	7.9034	7.0208	48.4299	41.4091	3.4351
sub-20259	ses-1	Schaefer2018_700Parcels_7Networks_order	rh	7Networks_RH_Default_pCunPCC_4	323	224	947	3.290	0.451	0.125	0.030	4	0.3	338	337	21.8820	6.0550	5.4138	39.2215	33.8078	3.6139
sub-20259	ses-1	Schaefer2018_700Parcels_7Networks_order	rh	7Networks_RH_Default_pCunPCC_5	147	109	209	1.668	0.741	0.106	0.019	2	0.1	339	338	21.6768	5.3949	11.7443	36.3619	24.6176	4.0180
sub-20259	ses-1	Schaefer2018_700Parcels_7Networks_order	rh	7Networks_RH_Default_pCunPCC_6	143	110	321	2.509	0.436	0.143	0.039	3	0.2	340	339	22.1857	6.4681	4.8046	33.0687	28.2641	3.4300
sub-20259	ses-1	Schaefer2018_700Parcels_7Networks_order	rh	7Networks_RH_Default_pCunPCC_7	269	183	373	2.492	0.430	0.120	0.019	2	0.3	341	340	28.8834	5.4997	-0.8013	40.3654	41.1667	5.2518
sub-20259	ses-1	Schaefer2018_700Parcels_7Networks_order	rh	7Networks_RH_Default_pCunPCC_8	487	335	1063	3.102	0.420	0.126	0.025	4	0.6	342	341	26.1400	6.1854	-2.7284	38.8729	41.6013	4.2261
sub-20259	ses-1	Schaefer2018_700Parcels_7Networks_order	rh	7Networks_RH_Default_pCunPCC_9	69	45	110	2.046	0.983	0.162	0.061	2	0.1	343	342	17.4398	9.0277	3.4341	38.5108	35.0767	1.9318
sub-20259	ses-1	Schaefer2018_700Parcels_7Networks_order	rh	7Networks_RH_Default_pCunPCC_10	251	200	600	2.660	0.480	0.139	0.049	5	0.4	344	343	23.2377	8.6042	-2.6512	43.9120	46.5632	2.7008
sub-20259	ses-1	Schaefer2018_700Parcels_7Networks_order	rh	7Networks_RH_Default_pCunPCC_11	186	158	832	3.789	0.841	0.163	0.045	3	0.3	345	344	23.7630	8.2858	6.8417	44.9750	38.1333	2.8679
sub-20259	ses-1	Schaefer2018_700Parcels_7Networks_order	rh	7Networks_RH_Default_pCunPCC_12	329	211	611	2.841	0.709	0.101	0.022	2	0.4	346	345	30.2129	6.7081	-1.7908	43.6399	45.4307	4.5040
sub-20259	ses-1	Schaefer2018_700Parcels_7Networks_order	rh	7Networks_RH_Default_pCunPCC_13	211	144	397	2.823	0.441	0.140	0.037	2	0.3	347	346	29.5733	6.2203	9.0126	41.1491	32.1365	4.7543
sub-20259	ses-1	Schaefer2018_700Parcels_7Networks_order	rh	7Networks_RH_Default_pCunPCC_14	193	138	540	3.416	0.510	0.152	0.045	3	0.4	348	347	24.6494	9.1357	-13.4734	43.3366	56.8099	2.6981
sub-20259	ses-1	Schaefer2018_700Parcels_7Networks_order	rh	7Networks_RH_Default_pCunPCC_15	140	95	493	3.495	0.474	0.114	0.021	2	0.1	349	348	24.6649	4.5852	13.5644	34.4231	20.8588	5.3792
sub-20259	ses-1	Schaefer2018_700Parcels_7Networks_order	rh	7Networks_RH_Default_pCunPCC_16	264	182	499	2.799	0.295	0.108	0.020	2	0.2	350	349	28.6035	7.6853	10.9717	41.4019	30.4302	3.7219
sub-20259	ses-1	Schaefer2018_700Parcels_7Networks_order	rh	7Networks_RH_Cont_pCun_2	114	84	314	2.571	0.480	0.192	0.058	6	0.3	351	350	16.3695	7.7721	-1.6458	30.0066	31.6525	2.1062
